660 2
660 -6.538139 -3.072236
659 -5.211919 -2.713336
654 -5.005029 -2.589255
658 -4.992830 -2.591787
657 -4.407190 -2.429704
653 -4.509275 -2.424431
656 -4.135740 -2.298910
655 -4.097747 -2.323996
651 -4.810083 -2.744461
652 -3.884523 -2.280673
650 -3.786340 -2.301112
649 -3.990035 -2.455146
644 -3.505632 -2.240426
641 -3.000184 -2.054142
643 -3.487930 -2.207546
648 -3.462111 -2.228178
640 -3.065355 -2.056370
642 -3.247499 -2.082401
647 -3.128513 -2.080290
639 -3.013507 -1.994654
646 -2.971998 -1.968876
638 -2.938515 -2.022531
637 -2.987560 -2.079718
636 -2.708502 -1.914350
645 -2.948266 -2.020895
626 -2.489937 -1.939343
634 -2.636324 -1.924761
635 -2.727319 -1.876809
627 -2.674398 -1.872345
625 -2.398930 -1.689078
632 -2.679905 -1.942115
629 -2.516582 -1.830993
633 -2.453122 -2.009522
631 -2.525696 -1.820329
630 -2.557438 -1.933672
628 -2.499466 -1.915757
613 -2.330282 -1.883020
611 -2.407954 -1.947651
618 -2.435320 -1.873064
602 -2.393461 -1.978385
623 -2.612714 -1.932132
616 -2.176448 -1.767770
622 -2.545673 -1.958764
614 -2.186804 -1.781336
621 -2.560892 -2.033929
620 -2.218876 -1.825305
603 -2.064942 -1.813026
610 -2.277651 -1.997823
624 -2.179623 -1.725087
619 -2.282592 -1.725371
606 -2.234621 -1.889988
605 -2.281227 -1.853674
607 -2.200628 -1.903673
601 -2.191564 -2.138001
599 -2.134930 -1.998145
600 -2.152237 -1.833499
608 -2.170294 -1.683307
612 -1.992281 -1.732142
617 -2.092635 -1.675465
615 -2.195247 -1.736597
609 -1.839074 -1.635139
595 -2.070128 -1.865387
598 -2.076056 -1.743364
604 -2.005464 -1.745944
567 -2.159426 -1.790008
589 -2.094625 -1.947271
597 -1.963550 -1.848467
588 -2.037647 -1.740099
584 -1.954758 -1.830336
585 -2.051854 -1.863726
593 -2.225378 -1.885886
596 -1.916438 -1.878763
583 -1.616320 -1.546009
573 -2.133748 -2.148379
594 -1.797455 -1.965540
560 -2.042251 -1.898111
582 -1.899919 -1.809450
576 -2.097036 -1.989903
590 -1.665158 -1.557023
586 -1.911278 -1.647909
592 -1.784461 -1.854540
561 -1.742580 -1.674129
580 -1.779845 -1.863715
557 -1.702488 -1.753630
559 -1.834100 -1.699975
581 -1.791273 -1.886755
591 -2.227699 -1.920096
575 -1.884658 -1.742636
542 -1.762271 -1.701441
564 -1.729636 -1.735575
587 -1.569095 -1.707687
530 -1.823730 -1.763576
546 -1.699068 -1.977554
569 -1.926140 -1.751608
570 -1.857789 -1.659139
562 -1.495790 -1.624700
571 -1.435496 -1.533902
579 -1.506957 -1.785029
574 -1.738059 -1.874507
537 -1.740379 -1.732498
554 -1.876158 -1.962605
555 -1.426948 -1.409805
572 -1.591991 -1.700671
577 -1.616357 -1.741018
552 -1.801385 -1.779817
538 -1.826213 -1.876682
563 -1.609279 -1.614151
539 -1.651731 -1.713210
556 -1.494983 -1.599231
558 -1.657341 -1.627429
522 -1.659297 -1.663128
525 -2.009975 -1.792102
565 -1.568910 -1.492555
578 -1.483070 -1.510830
523 -1.616310 -1.827662
521 -1.542495 -1.611571
531 -1.722050 -1.586168
533 -1.542923 -1.537876
548 -1.505673 -1.654554
549 -1.583864 -1.595641
496 -1.384112 -1.400412
506 -1.600411 -1.776649
545 -1.608953 -1.854370
520 -1.511173 -1.777353
536 -1.554029 -1.569206
544 -1.713724 -1.683177
547 -1.192167 -1.582368
509 -1.201244 -1.436606
543 -1.461198 -1.803854
500 -1.447751 -1.879236
524 -1.507405 -1.969601
423 -1.577704 -1.912137
529 -1.348085 -1.577668
566 -1.494232 -1.520405
505 -1.316823 -1.501261
507 -1.655896 -1.851664
510 -1.716052 -1.770990
515 -1.457464 -1.813924
526 -1.360755 -1.444036
540 -1.725834 -1.582988
550 -1.412884 -1.587415
551 -1.302888 -1.499792
568 -1.415854 -1.647471
487 -1.420179 -1.585157
490 -1.375263 -1.667005
494 -1.457696 -1.779033
495 -1.468704 -1.321162
517 -1.421021 -1.562029
528 -1.447396 -1.763354
457 -1.482246 -1.937166
471 -1.505125 -1.474526
492 -1.495278 -1.497100
499 -1.027863 -1.452435
553 -1.473332 -1.670957
483 -1.352561 -1.623089
541 -1.428348 -1.615180
460 -1.310512 -1.748771
466 -1.363776 -1.632823
513 -1.551477 -1.539386
456 -1.453402 -1.416632
467 -1.535014 -1.803240
480 -1.358519 -1.407879
504 -1.189021 -1.563351
511 -1.485115 -1.528702
534 -1.214364 -1.526335
434 -1.461128 -1.463063
464 -1.346726 -1.874630
468 -1.497316 -1.449185
476 -1.275456 -1.847334
479 -1.169843 -1.445888
485 -1.067020 -1.664365
535 -1.425329 -1.790718
328 -1.326183 -1.697842
407 -1.291818 -1.624584
445 -1.306118 -1.416638
452 -0.989825 -1.720018
453 -1.560729 -1.957061
478 -1.302127 -1.474679
481 -1.321267 -1.722766
482 -1.476572 -1.519296
501 -1.393866 -1.408920
449 -1.186379 -1.621436
503 -1.067076 -1.694030
392 -1.392631 -1.825901
430 -1.168237 -1.465437
437 -1.400009 -1.714655
439 -1.602020 -1.625637
447 -1.554726 -1.859421
450 -1.057350 -1.338211
427 -1.415374 -1.783421
448 -1.239180 -1.399531
470 -1.231798 -1.557337
472 -1.301728 -1.707664
477 -1.307645 -1.617398
489 -1.211365 -1.496835
497 -1.450642 -1.669613
414 -1.556176 -1.658357
417 -1.115425 -1.999411
422 -1.413643 -1.623583
446 -1.230654 -1.685594
469 -1.085009 -1.632035
473 -1.306992 -1.536059
502 -1.389097 -1.261956
514 -1.020437 -1.399909
518 -0.971040 -1.623966
266 -1.291369 -1.603414
327 -1.341187 -1.681463
413 -1.089109 -1.519012
432 -1.150608 -1.441519
484 -0.999901 -1.238229
356 -1.025325 -1.678454
366 -1.060341 -2.001960
425 -1.169774 -1.736751
451 -0.994764 -1.450843
459 -0.999336 -1.297511
486 -1.017152 -1.196684
310 -0.846049 -1.610306
401 -0.909084 -1.472044
403 -0.963383 -1.296890
408 -1.300342 -1.697771
418 -0.966893 -1.273322
465 -0.956799 -1.354466
475 -0.940825 -1.266805
488 -1.246658 -1.589573
508 -1.041900 -1.316891
358 -0.956157 -1.370211
383 -0.807172 -1.331680
400 -1.197115 -1.354210
419 -1.249987 -1.667976
431 -0.970695 -1.245798
436 -1.210353 -1.418763
246 -0.940733 -1.456897
264 -1.339166 -1.796307
299 -0.873133 -1.503988
352 -0.937409 -1.536042
461 -1.004699 -1.383054
463 -1.043153 -1.582974
474 -1.180865 -1.413909
516 -0.935821 -1.300518
519 -0.916386 -1.230770
527 -1.050449 -1.551845
273 -0.951246 -1.291939
357 -0.888555 -1.596749
370 -0.966708 -1.595379
377 -0.883204 -1.264736
381 -0.869658 -1.273472
384 -1.027002 -1.307308
398 -1.070422 -1.390911
405 -0.917252 -1.818652
409 -0.885212 -1.453663
416 -1.294210 -1.549935
442 -0.983563 -1.620661
444 -0.785341 -1.223888
116 -0.802294 -1.484955
255 -1.137820 -1.502863
267 -0.977322 -1.540207
277 -1.073598 -1.526849
280 -0.853215 -1.597997
329 -0.947320 -1.538929
351 -0.907346 -1.525437
371 -0.886234 -1.700671
386 -1.112143 -1.565340
406 -1.035877 -1.350063
441 -1.030997 -1.318295
455 -1.114946 -1.308082
498 -1.108469 -1.430794
532 -0.636772 -1.024351
215 -1.202258 -1.724296
239 -1.007701 -1.315429
268 -1.032430 -1.457843
271 -1.200511 -1.477870
307 -0.947212 -1.361145
309 -0.971552 -1.568443
343 -1.152503 -1.556579
359 -1.214567 -1.536726
362 -1.302979 -1.525543
385 -0.895440 -1.563489
391 -0.903853 -1.346979
393 -0.846554 -1.336416
429 -1.113766 -1.396462
244 -1.143207 -1.657856
245 -1.081364 -0.979829
337 -0.912259 -1.608194
338 -0.934864 -1.512550
348 -0.768583 -1.384589
412 -1.003020 -1.575816
420 -1.080332 -1.421794
421 -1.188444 -1.401814
440 -0.761573 -1.314690
443 -0.865430 -1.225812
454 -0.838136 -1.346910
458 -0.768796 -1.534802
493 -0.868119 -1.332616
512 -1.021597 -1.301272
78 -0.679334 -1.637522
93 -0.858733 -1.534967
106 -1.145738 -1.463426
153 -0.917657 -1.272553
241 -0.675642 -1.307613
249 -0.938453 -1.531530
253 -0.761543 -1.273293
260 -0.831370 -1.453347
270 -0.887632 -1.447149
274 -0.762307 -1.492341
308 -0.861310 -1.432794
342 -0.991549 -1.632044
365 -1.002520 -1.442020
379 -1.078841 -1.396998
382 -0.679442 -1.633863
399 -0.746118 -1.580483
438 -0.780851 -1.477441
217 -0.868833 -1.461058
247 -0.943706 -1.583184
261 -0.700226 -1.508873
272 -0.835379 -1.345477
302 -0.539590 -1.423692
323 -0.850911 -1.495520
326 -0.956071 -1.367698
334 -0.720706 -1.041571
367 -0.740936 -1.606026
373 -0.820438 -1.231259
375 -0.753362 -1.209899
88 -0.755382 -1.510880
105 -0.963562 -1.587590
119 -0.577389 -1.155522
121 -1.057235 -1.232252
213 -1.039613 -1.618805
228 -1.136806 -1.658754
262 -0.778449 -1.441200
263 -0.730756 -1.202823
279 -0.842020 -1.497898
311 -1.186159 -1.554482
315 -0.786223 -1.399936
316 -0.952910 -1.431511
335 -0.974966 -1.279886
349 -0.948743 -1.473244
353 -0.831860 -1.432086
354 -0.716985 -1.226673
355 -0.593602 -1.233358
378 -0.731275 -1.122718
390 -0.843546 -1.676471
397 -0.536819 -0.968511
411 -0.893353 -1.498468
415 -0.688238 -1.201416
433 -0.662929 -1.117298
435 -0.826736 -1.206423
91 -0.535484 -1.265718
110 -0.714504 -1.714834
145 -0.732923 -1.053741
212 -0.721173 -1.259494
216 -0.901469 -1.462163
232 -1.012576 -1.467761
240 -0.878709 -1.309049
242 -0.730902 -1.447018
250 -0.911945 -1.145875
278 -0.859004 -1.702433
284 -0.956883 -1.344673
291 -0.991611 -1.301226
292 -0.872755 -1.205424
306 -0.995175 -1.232203
314 -0.683978 -1.159086
319 -0.693646 -1.419955
336 -0.654654 -1.392970
341 -0.957768 -1.537217
364 -0.621475 -1.415472
368 -0.892194 -1.100986
394 -0.948470 -1.288901
402 -1.077184 -1.472582
404 -0.683278 -1.347150
67 -0.643088 -1.444264
69 -0.823541 -1.392202
112 -0.461825 -1.026440
125 -1.053368 -1.419644
126 -0.610815 -1.420405
130 -0.723485 -1.222551
134 -0.505141 -1.262359
199 -0.385474 -1.431152
224 -0.906293 -1.408413
233 -1.056524 -1.097127
269 -0.784588 -0.974729
288 -0.983504 -1.262234
295 -0.815336 -1.424020
305 -0.604950 -1.067438
322 -0.762051 -1.129322
331 -0.374256 -0.962112
333 -0.650059 -0.966792
344 -0.733127 -1.035030
345 -0.777029 -1.587210
347 -0.872790 -1.330085
350 -0.852452 -1.387627
360 -0.919740 -1.503969
361 -0.827621 -1.287148
380 -0.564165 -1.465323
387 -0.866673 -1.393482
424 -0.509581 -1.061432
491 -0.807628 -1.025173
66 -0.701407 -1.602992
68 -0.754394 -1.059010
75 -0.779324 -1.073373
77 -0.654235 -1.100216
89 -0.775459 -1.537762
94 -0.719222 -1.412627
115 -0.748150 -1.350574
161 -0.663236 -1.179138
200 -0.782037 -1.227803
201 -0.689351 -1.244070
214 -0.747208 -1.208747
218 -0.718313 -1.392630
220 -0.687259 -1.407172
222 -0.624546 -1.379525
230 -0.577037 -1.288538
231 -0.959016 -1.310893
235 -0.867351 -1.362126
243 -0.603036 -1.256945
248 -0.794210 -1.318399
254 -0.661690 -1.236024
259 -0.714780 -1.233411
282 -0.757180 -1.358162
289 -0.809080 -1.360760
296 -0.346835 -1.211483
298 -0.854144 -1.545838
317 -0.806787 -1.367451
320 -0.764387 -1.132236
325 -0.543817 -0.978303
332 -0.552691 -1.314226
369 -0.645540 -1.111256
388 -0.578702 -1.341322
395 -0.766021 -1.165778
462 -0.848297 -0.968205
50 -0.538999 -1.329761
64 -0.772633 -1.527423
74 -0.553216 -1.484038
82 -0.646580 -1.547200
113 -0.773751 -1.211660
131 -0.626170 -0.985593
132 -0.433530 -0.913987
172 -0.655375 -1.092947
183 -0.698896 -1.122822
209 -0.527833 -1.162817
225 -0.417013 -1.318082
226 -0.496600 -1.182176
229 -0.756934 -1.207789
234 -0.492517 -1.103326
238 -0.814456 -1.333656
258 -0.381072 -1.354240
276 -0.781554 -1.340287
290 -0.898545 -1.231415
339 -0.618838 -1.039460
340 -0.707653 -1.134495
346 -0.758616 -1.132290
41 -0.630829 -1.238647
46 -0.659714 -1.014232
60 -0.597587 -1.285080
61 -0.708301 -1.261623
63 -0.814885 -1.164434
73 -0.724725 -1.276647
76 -0.216608 -1.108002
79 -0.956543 -1.202192
83 -0.512863 -1.144454
92 -0.335445 -1.185530
108 -0.370048 -0.994656
117 -0.654238 -1.255337
133 -0.493225 -1.164034
144 -0.729533 -1.366684
177 -0.663783 -1.197895
186 -0.387626 -1.381790
196 -0.652005 -1.190722
204 -0.614737 -1.066629
206 -0.568587 -1.028427
207 -0.693867 -1.293509
210 -0.547127 -1.055153
236 -0.368378 -1.226785
237 -0.628450 -1.205313
251 -0.626034 -1.299511
257 -0.566088 -1.192747
275 -0.557210 -1.123137
281 -0.894121 -1.034344
285 -0.736110 -1.048954
287 -0.503842 -1.134310
297 -0.473780 -1.052935
318 -0.520555 -1.108563
330 -0.435992 -0.759357
374 -0.517865 -1.042413
376 -0.517792 -0.922356
396 -0.792905 -1.446918
410 -0.689039 -1.111873
428 -0.456327 -1.181438
36 -0.594364 -0.882509
43 -0.183258 -0.879119
47 -0.912424 -0.951982
51 -0.505545 -1.335234
54 -0.658514 -1.050568
57 -0.686507 -1.308695
59 -0.474741 -0.702604
85 -0.670864 -1.103900
86 -0.679615 -1.072394
96 -0.412650 -0.962389
97 -0.488247 -1.171148
101 -0.650908 -0.996967
103 -0.508048 -1.117852
109 -0.619351 -1.275536
118 -0.426141 -1.192809
122 -0.447161 -1.016428
169 -0.564839 -1.154936
192 -0.442101 -0.965750
195 -0.509360 -1.275995
197 -0.597081 -0.932937
211 -0.647063 -0.994758
219 -0.560605 -1.054373
252 -0.587069 -1.108498
256 -0.754509 -0.916720
286 -0.640848 -1.059336
294 -0.537065 -1.270277
300 -0.790709 -0.892434
304 -0.562947 -1.024774
313 -0.313753 -1.122362
321 -0.628646 -1.176070
372 -0.454094 -0.860840
389 -0.355075 -1.138893
17 -0.475524 -0.983965
20 -0.502191 -0.978721
22 -0.408722 -0.792360
23 -0.738965 -1.115383
32 -0.578817 -1.100113
35 -0.332541 -1.233576
42 -0.619748 -1.114725
44 -0.077733 -0.795046
52 -0.310538 -1.305121
53 -0.461494 -1.280742
55 -0.130108 -1.136972
62 -0.531596 -1.378242
65 -0.546306 -0.951022
70 -0.404449 -0.853359
71 -0.587390 -1.010984
72 -0.377370 -1.127025
84 -0.497363 -1.230062
102 -0.659418 -1.102688
107 -0.496786 -1.242453
111 -0.640232 -1.120663
151 -0.469511 -1.143283
168 -0.279520 -1.042773
173 -0.585432 -1.269568
175 -0.457558 -1.167981
176 -0.398013 -0.777430
178 -0.533750 -0.894453
184 -0.567277 -1.036896
187 -0.412752 -1.122930
188 -0.459799 -1.129619
189 -0.182355 -0.892945
190 -0.528030 -1.128111
191 -0.728725 -1.169341
198 -0.465505 -1.240530
202 -0.496389 -1.160851
203 -0.205130 -0.869265
205 -0.476185 -1.045058
208 -0.142303 -1.077368
227 -0.341416 -0.965083
265 -0.788076 -1.053094
301 -0.509172 -1.185334
303 -0.480275 -1.050202
312 -0.485106 -0.898062
324 -0.419953 -0.986328
426 -0.225540 -0.928971
15 -0.657010 -1.103657
16 -0.522345 -0.980943
24 -0.237258 -1.026302
25 -0.351719 -0.962462
26 -0.385006 -1.070577
28 -0.332450 -0.851572
34 -0.423780 -0.980103
37 -0.684791 -1.050442
39 -0.430851 -1.084582
45 -0.425560 -1.199970
49 -0.546743 -1.107070
56 -0.638851 -0.925578
58 -0.228501 -1.057056
80 -0.486209 -1.088914
81 -0.670586 -1.087843
87 -0.301261 -0.880080
90 -0.539719 -1.125447
98 -0.286754 -1.006587
99 -0.389476 -0.844331
100 -0.708763 -1.206645
135 -0.648191 -1.215044
139 -0.402703 -1.169137
148 -0.277307 -1.054613
149 -0.177667 -1.108164
155 -0.665993 -1.133919
157 -0.532030 -1.104449
158 -0.276207 -1.174455
159 -0.381261 -1.019696
160 -0.264247 -1.053568
162 -0.275868 -0.760381
165 -0.490633 -0.948876
166 -0.446736 -0.951214
167 -0.413588 -0.826815
170 -0.510085 -1.082667
171 -0.356179 -0.742151
174 -0.347192 -0.989581
179 -0.513911 -1.059623
180 -0.581308 -0.983950
181 -0.175722 -0.915357
182 -0.299986 -0.625908
283 -0.380283 -0.767925
363 -0.480830 -1.288694
1 -0.258082 -1.169052
2 -0.371957 -1.072448
3 -0.304604 -0.832632
4 -0.512303 -0.753562
5 -0.231973 -1.223059
6 -0.410952 -0.830994
7 -0.395974 -1.043749
8 -0.541391 -0.962531
9 -0.435976 -1.174286
10 -0.457956 -1.081712
11 -0.328913 -0.899245
12 -0.352184 -1.067598
13 -0.406510 -1.031857
14 -0.188944 -0.751371
18 -0.562765 -0.988249
19 -0.453772 -0.980304
21 -0.383463 -0.706574
27 -0.305207 -0.927471
29 -0.145760 -0.940395
30 -0.594449 -0.687250
31 -0.261707 -0.843551
33 -0.590258 -0.738451
38 -0.363575 -0.780828
40 -0.536126 -1.042305
48 -0.341202 -0.985597
95 -0.501449 -1.138136
104 -0.689209 -1.030144
114 -0.661740 -1.075952
120 -0.535378 -1.316137
123 -0.559969 -0.979603
124 -0.470679 -1.107777
127 -0.387471 -1.014476
128 -0.501026 -1.141997
129 -0.630849 -1.098844
136 -0.268607 -0.844750
137 -0.313224 -0.821835
138 -0.365108 -0.983471
140 -0.219868 -0.766839
141 -0.292099 -1.194460
142 -0.349015 -0.937198
143 -0.614005 -0.984848
146 -0.410791 -1.009286
147 -0.386593 -1.076578
150 -0.450964 -1.091327
152 -0.526427 -1.125654
154 -0.454528 -0.898323
156 -0.188109 -1.042896
163 -0.475814 -0.892027
164 -0.073874 -0.819057
185 -0.381322 -1.015469
193 -0.276565 -0.831424
194 -0.160138 -1.157640
221 -0.375344 -0.819889
223 -0.382718 -0.918283
293 -0.266040 -0.842835
