806 2
262 -1.366438 0.400128
28 -1.367836 -0.176791
32 -1.411025 -0.041995
35 -1.398221 0.081802
765 -1.335950 0.061102
409 -1.383827 0.160702
96 -1.391776 0.466776
118 -1.383939 0.150356
139 -1.345336 0.240263
766 -1.368553 0.083878
52 -1.426366 0.326790
362 -1.398849 -0.052602
364 -1.359121 0.131126
30 -1.378998 0.493777
137 -1.412440 -0.323279
343 -1.440859 -0.419866
22 -1.400321 -0.316638
29 -1.419900 -0.033486
36 -1.426011 0.271826
77 -1.346165 0.154663
239 -1.391526 -0.066967
395 -1.509707 1.049106
804 -1.382382 0.180188
101 -1.338235 0.243879
115 -1.362133 0.053701
126 -1.456167 -0.581805
399 -1.467084 1.096426
513 -1.343537 0.030348
51 -1.462802 -0.610738
454 -1.443502 -0.478691
248 -1.413052 0.374337
420 -1.374210 0.007566
427 -1.400259 0.293404
124 -1.381746 0.030334
439 -1.488007 0.732333
12 -1.421450 0.397799
476 -1.396656 0.252907
485 -1.382906 -0.076508
768 -1.392112 0.409260
78 -1.401657 -0.108758
182 -1.434459 0.402939
221 -1.399737 0.190724
324 -1.405134 0.051132
366 -1.412478 0.379997
43 -1.557925 -1.113687
53 -1.463266 -0.323718
87 -1.445480 -0.545543
461 -1.383751 0.058798
71 -1.426350 -0.401319
424 -1.383600 0.069959
42 -1.388363 0.342975
279 -1.394991 -0.037848
419 -1.418420 -0.176024
335 -1.435646 0.183161
497 -1.413103 -0.176192
692 -1.346713 0.080505
220 -1.415243 0.877868
410 -1.425473 0.795403
120 -1.434639 -0.598707
524 -1.424395 0.347972
263 -1.407772 0.190125
613 -1.372397 0.321490
696 -1.453346 0.870937
21 -1.481385 -0.468400
57 -1.414436 -0.266724
219 -1.402098 0.440722
289 -1.425644 -0.399962
440 -1.444919 0.436662
60 -1.370098 0.605202
84 -1.399723 0.546128
125 -1.418705 0.047852
274 -1.414810 -0.344260
577 -1.466107 -0.646803
63 -1.506035 -0.496976
94 -1.458583 -0.351531
288 -1.435436 -0.475379
462 -1.429162 -0.021178
538 -1.441603 0.464088
74 -1.499331 -0.497396
361 -1.377879 0.184258
277 -1.411708 0.550564
663 -1.570776 -1.161373
769 -1.396715 -0.047269
784 -1.482519 0.798616
56 -1.435165 -0.466072
135 -1.358862 -0.003341
428 -1.443204 -0.262027
466 -1.399341 0.461187
499 -1.435332 0.583528
26 -1.384996 0.008695
107 -1.467006 0.718166
117 -1.424230 0.398592
138 -1.398460 0.530654
210 -1.363074 0.261954
372 -1.395101 0.262262
66 -1.383345 0.731361
203 -1.474499 0.871633
443 -1.420310 -0.146659
700 -1.441124 -0.396658
128 -1.485395 -0.761131
517 -1.423803 0.236636
67 -1.442248 -0.458602
100 -1.422021 0.229997
482 -1.544931 1.273548
550 -1.393208 0.327778
563 -1.531281 -0.869643
703 -1.605873 -1.124545
7 -1.526815 -0.808351
145 -1.386858 -0.256505
247 -1.442435 0.681720
270 -1.430073 0.326558
296 -1.437971 -0.282306
346 -1.405725 -0.112565
367 -1.499622 -0.623787
739 -1.509992 -0.695638
54 -1.382982 0.163379
214 -1.538597 1.044833
373 -1.440014 -0.309563
31 -1.532900 -0.945412
129 -1.493045 -0.765624
723 -1.481233 -0.587466
798 -1.490105 -0.601274
2 -1.508132 -0.704446
8 -1.466523 -0.537487
48 -1.383450 0.281852
95 -1.393457 0.623055
330 -1.467150 -0.703120
407 -1.411404 0.948810
767 -1.503450 -0.676786
774 -1.494214 -0.524148
805 -1.420130 0.783521
27 -1.445107 0.659721
105 -1.435900 0.693369
225 -1.451038 0.609783
391 -1.482805 0.810067
611 -1.580977 -1.019297
802 -1.497865 -0.876196
46 -1.508046 -0.824442
102 -1.572379 -1.092359
149 -1.471684 0.672845
202 -1.468832 0.853760
237 -1.498677 -0.452189
267 -1.392092 0.165739
445 -1.452554 0.844280
455 -1.429523 0.699373
47 -1.459641 0.676383
176 -1.467572 -0.634897
626 -1.634076 -1.218045
34 -1.428590 0.479038
179 -1.462718 -0.568718
236 -1.454825 -0.577034
369 -1.463582 0.496568
396 -1.521854 -0.719925
39 -1.432835 0.492864
323 -1.509093 -0.607261
691 -1.471530 0.560342
697 -1.506159 1.176787
744 -1.462704 0.845004
157 -1.478395 0.765045
539 -1.478708 0.813656
544 -1.464931 -0.718460
136 -1.506630 -0.876782
231 -1.409305 0.671607
437 -1.496717 0.714460
749 -1.538707 -0.908978
759 -1.428062 -0.522549
142 -1.417189 0.214122
257 -1.460450 -0.759937
453 -1.497028 -0.715131
645 -1.395676 0.482954
33 -1.484384 -0.593940
64 -1.462122 -0.635796
79 -1.395625 -0.351935
515 -1.521638 1.172757
540 -1.429887 0.663326
642 -1.490746 0.936121
745 -1.554579 1.199602
93 -1.500964 -0.750633
144 -1.514285 -0.903225
38 -1.484116 -0.714156
75 -1.496163 -0.680878
108 -1.475521 -0.561598
340 -1.478854 -0.715609
627 -1.561430 -1.051299
635 -1.440175 0.391831
776 -1.453052 0.953382
9 -1.517583 1.121605
561 -1.553605 1.256801
594 -1.506841 -0.776865
598 -1.486956 0.683074
50 -1.584990 -1.069750
58 -1.483134 -0.603114
422 -1.479159 0.797635
471 -1.461118 -0.472607
81 -1.450637 -0.269390
85 -1.466188 -0.464906
106 -1.484693 0.845333
180 -1.450876 0.755013
416 -1.467772 -0.524478
680 -1.603728 -1.233439
473 -1.580196 1.360151
16 -1.499753 -0.735772
298 -1.514932 -0.807976
446 -1.610185 -1.265032
502 -1.616756 -1.160252
6 -1.584146 -1.133497
10 -1.467515 -0.597387
20 -1.551726 -1.188454
90 -1.632951 1.588293
92 -1.454973 0.645909
216 -1.554490 -1.021494
435 -1.455285 -0.553239
576 -1.521966 1.108297
632 -1.458982 0.892562
796 -1.445297 0.702211
147 -1.474018 0.753354
532 -1.458140 1.001048
652 -1.645524 -1.147078
716 -1.523658 -0.925901
3 -1.462901 -0.611235
13 -1.463059 -0.487581
89 -1.447313 0.699207
122 -1.518895 -0.871699
721 -1.554763 1.176406
770 -1.546925 -0.999940
783 -1.500873 -0.682170
127 -1.433196 0.506830
359 -1.512185 -0.701921
441 -1.484013 -0.612071
49 -1.562453 -0.886617
230 -1.452517 0.789263
541 -1.440013 -0.248529
729 -1.508744 -0.625026
18 -1.491463 -0.705147
59 -1.515100 -0.878979
266 -1.578969 1.304899
408 -1.552009 -0.802443
429 -1.514541 1.130370
757 -1.542596 -0.981889
799 -1.495355 1.200332
132 -1.428914 0.142222
199 -1.528042 1.118473
413 -1.429413 0.474488
535 -1.632249 -1.274766
591 -1.479866 -0.792277
37 -1.496157 -0.628015
55 -1.479602 -0.682353
174 -1.511577 0.817890
242 -1.379023 0.423257
282 -1.449598 0.769524
393 -1.532223 -0.657039
406 -1.557600 -1.082277
432 -1.633895 -1.371554
568 -1.535241 0.951955
23 -1.452971 -0.163929
192 -1.499448 1.186313
349 -1.501008 0.943991
593 -1.502890 -0.606658
631 -1.565169 -1.057336
699 -1.517256 -0.666755
701 -1.491312 0.858201
98 -1.437698 -0.286089
344 -1.601106 -1.281450
403 -1.452951 0.920238
465 -1.603200 -1.193183
676 -1.476788 1.006901
143 -1.485996 0.814382
160 -1.610394 1.589021
191 -1.693216 -1.689348
290 -1.579055 -1.024137
567 -1.643464 1.551883
764 -1.514091 -0.701422
791 -1.511376 -0.738128
45 -1.544987 -1.055168
113 -1.487707 1.064460
140 -1.565211 -1.251136
209 -1.551971 -0.827036
570 -1.647571 -1.320587
657 -1.695277 -1.416289
88 -1.513044 -0.905873
91 -1.511835 -0.753652
365 -1.562327 -0.970737
694 -1.485844 0.829696
713 -1.515994 1.263332
11 -1.512588 -0.723368
363 -1.579380 -0.963457
488 -1.597830 1.562417
553 -1.586285 1.252236
738 -1.504142 0.907076
772 -1.556040 1.224600
40 -1.510329 -0.675401
261 -1.630681 -1.297313
380 -1.536537 -0.909890
0 -1.507503 -0.609695
24 -1.480011 -0.653621
500 -1.579982 -0.997584
557 -1.475024 -0.698384
755 -1.657562 -1.394596
19 -1.550197 -0.849800
756 -1.543169 1.315016
469 -1.496034 0.930924
579 -1.527656 -1.098876
617 -1.614432 -1.342980
213 -1.445196 -0.560277
327 -1.550590 -1.111205
655 -1.531465 0.911068
681 -1.577174 -0.923887
1 -1.467064 -0.590697
134 -1.529299 -0.889153
303 -1.524872 1.346796
483 -1.570634 -1.096091
779 -1.525143 -0.628235
188 -1.548198 -0.971241
259 -1.639160 -1.257207
278 -1.557944 -0.979589
379 -1.508094 1.015438
643 -1.489079 1.013863
793 -1.518751 1.205704
315 -1.599153 -1.200529
653 -1.596541 1.352779
200 -1.581817 -1.123386
421 -1.604579 -1.274968
715 -1.553864 1.317919
725 -1.593684 -0.999188
374 -1.482542 0.803205
185 -1.621703 -1.109792
586 -1.523731 1.125654
656 -1.625752 -1.178958
760 -1.518152 0.928727
397 -1.540344 -0.921237
468 -1.679953 -1.410691
565 -1.534054 1.058606
571 -1.654425 -1.283847
619 -1.454465 0.514997
743 -1.717135 -1.566321
65 -1.629320 -1.351092
398 -1.565218 -1.039977
754 -1.624964 -1.261378
119 -1.773296 -1.943371
222 -1.647476 -1.441113
246 -1.571468 1.443207
307 -1.605755 -1.149950
338 -1.674510 -1.730422
405 -1.589397 -1.171188
578 -1.593488 1.464781
271 -1.658651 -1.249694
295 -1.507628 0.882966
328 -1.514531 1.138394
690 -1.726096 -1.803343
742 -1.540063 1.296271
276 -1.582103 1.157105
639 -1.621419 1.275576
795 -1.708050 -1.536768
400 -1.573788 1.470342
546 -1.718639 -1.610638
605 -1.493606 0.905314
204 -1.535783 -0.915485
310 -1.674537 -1.539029
590 -1.648414 -1.399913
785 -1.568219 -0.915522
15 -1.593045 -1.212175
256 -1.618464 -1.035440
355 -1.563854 -0.841901
537 -1.635746 -1.203717
609 -1.614311 -1.115371
711 -1.539152 0.900696
103 -1.601961 -1.155293
305 -1.571504 -0.822224
423 -1.634562 -1.349330
459 -1.522235 1.068289
470 -1.658189 1.597879
564 -1.524728 1.182657
589 -1.688702 -1.704006
746 -1.674195 -1.371403
773 -1.695588 -1.554629
62 -1.600939 -1.007318
243 -1.555557 -0.959035
442 -1.591017 -1.177743
580 -1.581739 1.528671
678 -1.702188 -1.671044
717 -1.519617 -0.971862
801 -1.643514 -1.351208
72 -1.571048 -1.006464
123 -1.782998 2.204138
211 -1.707196 -1.652337
452 -1.545904 1.146682
492 -1.587751 -1.215476
534 -1.551170 1.173948
602 -1.565720 1.255826
604 -1.704483 -1.633029
614 -1.596189 -1.433750
651 -1.604799 -1.243160
718 -1.482835 0.809779
737 -1.573874 1.024003
780 -1.645701 1.506449
153 -1.598415 -1.134395
258 -1.643394 1.707830
368 -1.593357 1.550891
518 -1.654502 -1.430794
548 -1.558104 -0.936308
707 -1.694453 -1.667710
25 -1.527441 0.978872
628 -1.686497 -1.494137
683 -1.513608 1.274222
73 -1.655316 1.702103
253 -1.718203 -1.614669
337 -1.656875 -1.372475
381 -1.612885 -1.076843
477 -1.572199 -1.014099
489 -1.598365 -1.096183
547 -1.522109 -0.697866
670 -1.833491 2.231093
728 -1.613009 -1.041643
121 -1.565890 1.335012
165 -1.585032 1.394983
370 -1.538669 -0.830891
388 -1.580907 -1.026020
456 -1.703600 -1.563792
490 -1.587723 -0.815620
695 -1.640211 -1.365085
371 -1.514763 0.754102
383 -1.597425 -1.114823
479 -1.616093 -1.382934
509 -1.558628 0.881107
510 -1.795696 -1.886874
732 -1.669502 -1.428892
228 -1.690779 1.701928
110 -1.501491 0.938097
610 -1.635477 -1.268864
620 -1.739292 1.892321
622 -1.568596 1.251887
709 -1.649133 -1.313899
302 -1.634653 -1.539107
333 -1.571453 1.290712
555 -1.561745 1.162549
623 -1.850729 -2.003149
665 -1.645161 -1.559635
702 -1.649344 -1.390951
727 -1.793021 -1.943231
794 -1.574791 -0.961268
163 -1.578067 -1.151841
313 -1.831205 -1.908167
533 -1.643697 -1.295277
782 -1.796317 -1.787983
792 -1.598183 1.178580
659 -1.580605 1.502765
761 -1.732107 1.707829
83 -1.665932 1.710964
114 -1.574603 1.161700
207 -1.616663 -1.351324
299 -1.725887 -1.766919
347 -1.719405 -1.699153
549 -1.762349 -1.778734
585 -1.573128 1.206640
664 -1.605963 1.351434
162 -1.506476 0.888735
168 -1.532027 1.269695
351 -1.510620 0.879498
672 -1.596109 1.465624
752 -1.798171 -2.112515
758 -1.751691 1.953815
130 -1.631837 1.711402
495 -1.683158 1.668036
525 -1.547083 -0.966328
638 -1.649724 -1.399534
99 -1.673458 -1.218800
154 -1.620964 1.618420
332 -1.691279 -1.411804
17 -1.614036 1.504831
150 -1.717506 -1.781158
197 -1.740445 -1.505466
249 -1.723998 -1.557447
572 -1.817950 -2.034747
684 -1.745313 -1.678857
61 -1.769779 -1.950319
172 -1.595773 1.299469
217 -1.715690 -1.486002
719 -1.675303 1.626831
748 -1.627966 -1.293880
778 -1.564325 -1.330188
141 -1.799724 -1.791428
414 -1.683906 -1.559748
484 -1.724241 -1.610149
646 -1.789652 -2.110122
131 -1.780620 -1.809438
521 -1.538012 -0.939370
543 -1.538447 1.300589
552 -1.702845 -1.719855
596 -1.794234 2.188084
618 -1.666885 -1.585790
625 -1.759140 -1.821070
661 -1.816501 -2.046348
750 -1.649393 -1.432588
76 -1.783417 2.001365
244 -1.593091 1.283832
275 -1.666309 -1.507742
448 -1.622992 -1.382438
514 -1.761859 1.940110
41 -1.629141 -1.106959
44 -1.610746 1.486260
111 -1.811425 -1.879090
133 -1.731532 -1.785419
104 -1.677607 1.565391
505 -1.769880 -2.095971
592 -1.748056 -1.754458
325 -1.722811 -1.528462
458 -1.712116 -1.634716
575 -1.753645 2.008080
666 -1.758614 -1.843323
668 -1.595164 1.364388
80 -1.613944 1.497778
264 -1.768791 2.156681
569 -1.632058 -1.008021
159 -1.631981 1.469140
177 -1.886862 -2.454824
284 -1.646875 1.641094
377 -1.580566 -1.423333
464 -1.717695 -1.607753
520 -1.697922 1.984014
526 -1.782627 -1.803096
584 -1.825164 2.383402
597 -1.686419 1.726711
710 -1.770924 1.843673
70 -1.758138 -1.796698
417 -1.784229 -1.744022
583 -1.631427 1.589123
736 -1.736917 -1.793369
741 -1.717958 1.659727
311 -1.744036 -1.733249
390 -1.677607 1.495170
674 -1.740865 -1.636702
14 -1.637765 1.770442
151 -1.616384 1.658705
173 -1.673667 1.797544
378 -1.652930 1.548374
649 -1.824917 -1.986830
777 -1.763375 -1.908168
170 -1.655406 -1.461794
297 -1.845919 -1.963359
449 -1.789728 -1.694174
474 -1.846468 -1.925944
660 -1.680329 1.551830
731 -1.712264 -1.451741
166 -1.732833 2.021036
196 -1.654035 1.589747
387 -1.906377 -2.022842
588 -1.672534 -1.606062
687 -1.726302 1.755576
181 -1.685817 -1.598473
480 -1.777940 -1.796014
607 -1.578911 1.530631
629 -1.681105 -1.465407
669 -1.754890 -1.806710
726 -1.845667 -2.124805
803 -1.720476 1.827293
190 -1.728369 1.744173
356 -1.601565 1.495864
641 -1.654318 1.711273
306 -1.754383 -1.698361
339 -1.827808 -1.875330
512 -1.668239 1.637665
529 -1.781440 -1.881943
640 -1.710662 -1.612644
109 -1.722331 -1.567645
148 -1.704806 -1.708627
342 -1.695269 -1.500234
389 -1.602922 1.425752
616 -1.648109 1.749847
291 -1.666201 1.682166
554 -1.844034 -2.125495
706 -1.775269 -1.819670
86 -1.591545 1.392872
215 -1.853237 2.168665
382 -1.630806 -1.367252
496 -1.817857 -1.964885
545 -1.706640 1.887350
595 -1.792869 2.246389
316 -1.679724 1.864131
677 -1.745702 2.211098
212 -1.770345 -1.917879
331 -1.738448 -1.748608
401 -1.696743 -1.647734
425 -1.638127 1.619981
433 -1.909834 -2.182651
763 -1.856038 -1.951242
360 -1.867059 -2.120621
386 -1.730216 1.835145
504 -1.730572 2.050617
682 -1.811874 -1.978202
226 -1.935700 2.488969
444 -1.598840 1.363532
637 -1.724504 -1.875588
662 -1.781688 2.178335
167 -1.803507 -1.993479
536 -1.615916 1.542028
542 -1.656651 -1.291802
698 -1.629187 1.589249
735 -1.759489 2.026768
689 -1.820398 -1.908449
747 -1.732793 1.829901
762 -1.676336 1.699319
152 -1.872718 -2.106589
304 -1.772693 -2.071806
309 -1.889214 -2.311450
352 -1.695096 1.705517
451 -1.820126 -1.954571
511 -1.642205 1.602734
519 -1.668713 1.750869
582 -1.764857 2.002023
603 -1.823952 -2.212681
562 -1.789326 -2.061953
733 -1.815949 2.111968
789 -1.756601 -1.867198
4 -1.724816 1.870747
112 -1.832172 -1.974531
183 -1.807804 -2.039319
486 -1.639692 1.480729
491 -1.811332 -2.047132
574 -1.622388 1.319518
704 -1.713842 -1.724715
241 -1.782963 -1.935453
268 -2.021514 -2.379467
673 -1.823838 2.402647
775 -1.774077 -1.818387
68 -1.715710 1.894652
158 -1.857121 -2.071836
265 -1.833224 -2.083529
287 -1.876322 -2.142022
411 -1.973897 2.727029
430 -1.676493 1.756778
436 -1.734307 1.636948
559 -1.692000 1.795650
621 -1.710584 -1.625888
658 -1.759517 -1.707814
740 -1.789919 -1.774317
320 -1.723974 -1.733594
431 -1.873860 2.322979
587 -1.715216 1.730972
753 -1.788492 2.152579
97 -1.795547 -1.776031
234 -1.851399 -2.179700
487 -1.768451 -1.867653
506 -1.673464 -1.371439
671 -1.808059 -1.935980
788 -1.775897 -1.889404
116 -1.763064 -1.896318
156 -1.793748 2.038240
280 -1.910137 -2.316618
636 -1.730944 -1.710367
667 -1.865713 -1.929981
714 -1.635719 1.675328
722 -1.794092 2.060683
69 -1.673790 -1.498183
146 -1.692693 1.691070
301 -1.736852 2.303836
685 -1.880123 2.473506
208 -1.884933 -2.216570
402 -1.734350 1.845766
508 -1.834970 -1.985993
161 -1.804678 -2.035110
184 -1.762479 2.122901
322 -1.800887 -1.986554
556 -1.764793 -1.764007
255 -1.827144 -2.004203
336 -1.778616 -1.772136
412 -1.695921 -1.411491
612 -1.854214 2.473892
634 -1.822245 -2.155879
227 -1.820158 -2.016243
438 -1.736249 -1.801290
608 -1.802550 -1.865346
693 -1.747904 -1.710471
171 -1.745389 1.965926
317 -1.832651 -1.991153
606 -1.792873 2.044241
232 -1.710545 -1.598502
300 -1.848048 2.284087
551 -1.769532 2.272318
573 -1.699569 -1.400481
615 -1.854483 2.491152
273 -1.868199 -2.088899
523 -1.831370 -2.036451
624 -1.835632 2.176019
375 -1.730020 -1.904632
175 -1.780651 2.270471
308 -1.805418 -1.935839
376 -1.599898 1.368620
654 -1.858920 -1.998336
730 -1.746544 2.091390
771 -1.868825 -2.113539
178 -1.654364 1.585347
467 -1.838996 2.172437
712 -1.964189 2.864391
720 -1.823309 -2.028666
251 -1.713249 -1.845696
450 -1.798055 2.152582
460 -1.782921 1.991054
708 -1.699900 1.712286
786 -1.766527 -1.944758
501 -1.696026 -1.712986
560 -1.760222 1.952392
600 -1.798381 2.163005
644 -1.808149 2.021700
82 -1.819590 -1.930266
281 -1.811239 2.352077
566 -1.874156 2.339730
686 -1.830157 -2.190865
206 -1.751691 2.074971
285 -1.827753 -1.931461
345 -1.870931 -2.352644
385 -1.786597 2.220717
528 -1.857521 2.465590
530 -1.836166 -1.882205
650 -1.751982 2.143804
648 -1.777745 2.104786
688 -1.753307 -1.568478
787 -1.861545 2.404543
384 -1.772204 2.054354
392 -1.846031 -2.152109
507 -1.759409 2.271828
245 -1.780259 2.317774
522 -1.788303 1.981087
647 -1.765277 2.056032
781 -1.842142 -2.163392
155 -1.815187 -2.017332
415 -1.695859 1.748215
186 -1.720741 1.848976
224 -1.906193 2.468983
312 -1.843852 2.606487
189 -1.879538 2.340973
201 -1.786724 2.052639
223 -1.806195 -1.952039
254 -1.882092 2.457502
319 -1.801432 -2.008620
334 -1.814869 -2.053663
404 -1.724896 1.943550
498 -1.812760 -1.924267
169 -1.750897 1.812230
218 -1.740791 1.946681
238 -1.820030 2.028750
394 -1.802191 2.022103
705 -1.733474 1.878032
797 -1.701402 1.772291
195 -1.781304 -1.952541
286 -1.894892 2.337034
348 -1.978165 2.472914
358 -1.830842 -1.908998
630 -1.683012 1.782359
5 -1.804942 2.243164
314 -1.812483 -1.798778
321 -1.822432 2.151868
354 -1.758862 2.260508
679 -1.731435 -1.626867
194 -1.834786 2.188807
418 -1.822858 2.350694
229 -1.937241 2.603765
472 -1.859821 2.389740
527 -1.779550 2.070865
235 -1.707813 1.653219
599 -1.733911 -1.649902
252 -1.794609 2.133120
272 -1.700721 2.036488
434 -1.806298 2.278683
494 -1.960160 2.609824
269 -1.841817 -1.705835
447 -1.876723 2.368925
493 -1.657909 1.824903
751 -1.809906 2.066689
790 -1.763956 1.989469
293 -1.804160 2.079089
457 -1.868725 2.469290
581 -1.786515 2.000107
675 -1.785363 2.023593
283 -1.800266 2.248423
463 -1.872164 2.149627
633 -1.798961 1.985656
326 -1.824361 2.373465
350 -1.808578 -2.003344
205 -1.789016 -1.834819
329 -1.794320 2.063253
250 -1.727584 1.917524
292 -1.753849 2.021048
294 -1.825629 -2.062982
353 -1.708611 -1.639701
357 -1.681937 1.856971
800 -1.809380 2.080267
426 -1.779986 2.035406
516 -1.720789 1.773081
233 -1.742915 1.930484
240 -1.830607 2.162277
558 -1.824595 2.181777
724 -1.800276 2.224333
187 -1.870817 2.324849
503 -1.850599 2.014273
318 -1.828378 2.066303
341 -1.899558 2.346498
260 -1.858977 2.280120
481 -1.769906 2.342677
601 -1.757339 1.841062
475 -1.689738 -1.809136
478 -1.824737 2.156916
734 -1.806366 2.311186
164 -1.781521 1.804895
531 -1.791712 2.062198
198 -1.686347 1.792998
193 -1.773971 1.862283
