800 2
646 -1.527644 -0.406329
528 -1.563455 -0.042105
64 -1.495073 -0.567018
587 -1.541031 -0.286287
313 -1.538974 -0.238866
796 -1.508490 -0.434656
33 -1.569638 -0.143745
49 -1.519643 -0.431768
436 -1.536151 -0.298124
593 -1.555233 -0.179749
92 -1.530777 -0.302397
34 -1.521172 -0.408158
605 -1.563000 -0.088978
766 -1.541975 -0.240307
9 -1.492627 -0.600786
751 -1.573334 -0.044596
150 -1.499057 -0.533628
453 -1.561629 -0.114738
460 -1.591543 -0.000715
705 -1.517918 -0.442079
243 -1.532533 -0.391150
429 -1.562208 -0.170913
384 -1.524463 -0.457448
448 -1.522512 -0.367927
643 -1.513619 -0.382843
202 -1.512921 -0.454850
210 -1.570045 -0.156678
224 -1.558964 -0.148474
492 -1.576227 -0.028634
600 -1.598968 0.107789
83 -1.538019 -0.293669
184 -1.543447 -0.241245
274 -1.557218 -0.166823
306 -1.541923 -0.219759
495 -1.533777 -0.291160
621 -1.575635 -0.018744
622 -1.570215 -0.102675
633 -1.526519 -0.407484
770 -1.513459 -0.456915
57 -1.547292 -0.281893
268 -1.529516 -0.321545
411 -1.552815 -0.156009
457 -1.588609 0.036934
517 -1.517796 -0.429654
569 -1.599597 0.096687
6 -1.580551 -0.021162
89 -1.531850 -0.389819
258 -1.465940 -0.703682
728 -1.584549 -0.045123
216 -1.581036 -0.020077
501 -1.547982 -0.231008
529 -1.528724 -0.379127
554 -1.524212 -0.383708
611 -1.578719 -0.108600
3 -1.560612 -0.217559
318 -1.592209 -0.028713
564 -1.518633 -0.456301
566 -1.581924 -0.069260
658 -1.567155 -0.123546
32 -1.544922 -0.253154
327 -1.541510 -0.250315
401 -1.559736 -0.205344
407 -1.588377 -0.018596
473 -1.573624 -0.065102
654 -1.567890 -0.094305
659 -1.526326 -0.395526
674 -1.556362 -0.193946
780 -1.571837 -0.120574
16 -1.545439 -0.271660
41 -1.585334 0.038425
157 -1.528133 -0.323725
260 -1.543148 -0.260687
286 -1.550620 -0.144385
296 -1.498516 -0.566698
455 -1.512897 -0.431399
479 -1.515194 -0.493548
482 -1.563463 -0.192754
715 -1.546219 -0.321396
743 -1.513414 -0.496978
140 -1.520554 -0.426383
152 -1.553191 -0.226998
315 -1.560365 -0.128789
533 -1.509333 -0.533913
539 -1.513718 -0.338187
681 -1.523273 -0.388133
704 -1.581933 -0.022614
741 -1.519747 -0.443538
776 -1.528739 -0.368324
137 -1.564125 -0.127829
249 -1.512183 -0.465941
281 -1.533817 -0.343762
323 -1.559042 -0.140316
350 -1.515315 -0.383077
164 -1.528781 -0.314865
228 -1.594399 0.017498
262 -1.554689 -0.157085
316 -1.570894 -0.104566
437 -1.611183 0.132108
446 -1.549608 -0.239581
510 -1.590272 -0.006475
559 -1.509559 -0.455514
618 -1.541149 -0.228705
25 -1.532001 -0.315722
135 -1.523686 -0.423110
280 -1.526500 -0.362083
300 -1.550224 -0.245185
397 -1.496525 -0.482713
470 -1.534018 -0.354343
502 -1.547055 -0.197642
521 -1.596453 0.086577
667 -1.524794 -0.320979
131 -1.537241 -0.344103
179 -1.502069 -0.532905
290 -1.550413 -0.216284
303 -1.581740 -0.013921
405 -1.545912 -0.257602
586 -1.562920 -0.104091
620 -1.516755 -0.370027
11 -1.559861 -0.136110
182 -1.575359 -0.078029
236 -1.525768 -0.376306
312 -1.564280 -0.104522
335 -1.589987 0.001608
370 -1.538741 -0.290432
494 -1.598560 0.059277
661 -1.499042 -0.510238
682 -1.539823 -0.286772
744 -1.511737 -0.504078
90 -1.524295 -0.401354
123 -1.590260 -0.016595
151 -1.565571 -0.111756
155 -1.571608 -0.180476
205 -1.539944 -0.307390
208 -1.556611 -0.284570
221 -1.561283 -0.186888
278 -1.552782 -0.151806
285 -1.531912 -0.290153
343 -1.571406 -0.062393
399 -1.503322 -0.453757
547 -1.507908 -0.458847
588 -1.534812 -0.302598
602 -1.512086 -0.421409
723 -1.567316 -0.172268
769 -1.517914 -0.476123
61 -1.553899 -0.155402
297 -1.531754 -0.280571
464 -1.563486 -0.147266
581 -1.484169 -0.581371
699 -1.528537 -0.303476
762 -1.495726 -0.519269
21 -1.566732 -0.096639
58 -1.511340 -0.502972
138 -1.566743 -0.107474
270 -1.527120 -0.414095
273 -1.557544 -0.120363
333 -1.503108 -0.507941
337 -1.554304 -0.239956
349 -1.570681 -0.055072
387 -1.568869 -0.117909
417 -1.508815 -0.390892
447 -1.590650 0.047572
469 -1.576413 -0.092997
553 -1.580255 -0.094057
683 -1.538787 -0.310230
688 -1.570199 -0.092948
690 -1.549099 -0.254894
721 -1.552614 -0.219380
737 -1.539031 -0.273579
5 -1.536732 -0.365414
104 -1.537261 -0.271285
108 -1.530607 -0.365379
180 -1.531549 -0.443535
213 -1.550107 -0.249359
218 -1.516221 -0.420705
450 -1.556434 -0.213970
459 -1.565674 -0.151565
551 -1.553358 -0.194820
592 -1.595425 -0.018845
686 -1.506501 -0.556342
719 -1.554580 -0.193819
732 -1.498063 -0.524605
29 -1.535130 -0.313094
45 -1.551895 -0.255619
54 -1.592153 0.001279
109 -1.562115 -0.142446
166 -1.517768 -0.409094
220 -1.582545 -0.068549
234 -1.557206 -0.234265
241 -1.513834 -0.497534
352 -1.550303 -0.310813
394 -1.513323 -0.453975
414 -1.588452 -0.077147
419 -1.538521 -0.297136
594 -1.548039 -0.274451
738 -1.510026 -0.500136
758 -1.546109 -0.276051
759 -1.518633 -0.485588
781 -1.516228 -0.423720
783 -1.594261 -0.019772
7 -1.579486 0.003279
96 -1.585071 -0.029857
116 -1.542886 -0.194590
153 -1.554297 -0.218406
167 -1.568596 -0.186158
173 -1.618192 0.089801
355 -1.528164 -0.372158
383 -1.526825 -0.444973
476 -1.537093 -0.281940
560 -1.561797 -0.129779
568 -1.518216 -0.424186
645 -1.515804 -0.477311
677 -1.545268 -0.227387
734 -1.588930 0.068063
754 -1.520417 -0.403038
790 -1.571755 -0.227802
28 -1.529776 -0.363788
38 -1.574931 -0.142147
55 -1.516711 -0.391279
56 -1.517683 -0.384469
79 -1.569665 -0.152456
84 -1.560087 -0.158402
141 -1.547049 -0.213081
145 -1.586158 -0.069070
185 -1.568096 -0.165529
196 -1.562354 -0.193230
309 -1.544642 -0.297137
341 -1.585447 -0.025024
353 -1.560747 -0.207062
368 -1.523216 -0.391231
382 -1.494386 -0.499094
391 -1.593927 0.026930
428 -1.538320 -0.306825
582 -1.522518 -0.427457
609 -1.494650 -0.502494
671 -1.560199 -0.152970
673 -1.588245 -0.026612
689 -1.570508 -0.093394
701 -1.540767 -0.251939
749 -1.564245 -0.201902
791 -1.518573 -0.388143
39 -1.512163 -0.555471
44 -1.553322 -0.240236
52 -1.530683 -0.342761
81 -1.561761 -0.176592
607 -1.542478 -0.257929
612 -1.576484 -0.055367
74 -1.487149 -0.552211
103 -1.537526 -0.278855
161 -1.568556 -0.136119
178 -1.522610 -0.408637
193 -1.550850 -0.197825
194 -1.501595 -0.560801
203 -1.521177 -0.431095
246 -1.598836 0.042705
361 -1.558879 -0.137612
373 -1.527064 -0.314744
395 -1.528349 -0.341135
418 -1.582188 -0.066521
451 -1.542075 -0.267574
454 -1.520013 -0.336785
463 -1.531172 -0.340622
466 -1.586539 -0.018844
471 -1.592587 -0.054273
485 -1.509293 -0.554823
499 -1.490718 -0.604919
567 -1.561716 -0.060053
742 -1.571514 -0.114024
748 -1.538590 -0.311690
752 -1.530921 -0.343781
2 -1.545633 -0.160409
18 -1.594733 -0.005219
62 -1.545975 -0.265342
159 -1.521285 -0.446057
223 -1.541484 -0.272325
265 -1.503174 -0.529651
294 -1.530620 -0.373013
375 -1.570046 -0.116604
385 -1.529105 -0.354915
389 -1.546058 -0.237652
410 -1.567017 -0.197982
435 -1.583323 -0.020879
561 -1.581333 -0.036969
628 -1.580759 -0.030552
655 -1.503892 -0.540512
672 -1.501035 -0.529728
678 -1.506873 -0.448333
753 -1.538616 -0.340703
46 -1.609615 0.092372
113 -1.596642 0.063233
149 -1.534818 -0.395069
187 -1.546680 -0.192527
207 -1.581238 -0.050654
235 -1.586712 0.015703
287 -1.557992 -0.188565
364 -1.540974 -0.187891
371 -1.531741 -0.362076
403 -1.524267 -0.417428
465 -1.549073 -0.301499
496 -1.562429 -0.149812
562 -1.507475 -0.464843
631 -1.527517 -0.357388
691 -1.569225 -0.171755
716 -1.556834 -0.139291
729 -1.505912 -0.446899
773 -1.564629 -0.132038
794 -1.555714 -0.236303
22 -1.607877 0.055853
42 -1.559539 -0.155122
59 -1.512239 -0.424135
76 -1.562407 -0.133345
77 -1.562688 -0.104102
125 -1.503597 -0.477456
139 -1.506250 -0.455751
165 -1.574092 -0.072249
181 -1.487291 -0.597499
227 -1.557679 -0.190158
275 -1.567099 -0.104360
283 -1.514015 -0.429319
291 -1.548672 -0.280464
413 -1.579146 -0.109337
583 -1.506470 -0.461765
590 -1.518745 -0.450842
603 -1.500512 -0.480681
638 -1.545692 -0.228900
653 -1.556991 -0.119430
767 -1.569463 -0.149093
19 -1.587828 -0.014400
51 -1.488813 -0.584787
264 -1.563179 -0.107949
269 -1.573801 -0.059669
277 -1.580286 0.073570
305 -1.587223 0.003708
308 -1.577958 -0.092360
400 -1.518408 -0.431789
506 -1.596436 0.073612
613 -1.524932 -0.326927
718 -1.490771 -0.517789
761 -1.581542 -0.034215
777 -1.566336 -0.129842
71 -1.589894 -0.034002
80 -1.547590 -0.262391
118 -1.535190 -0.330425
119 -1.556718 -0.273764
120 -1.508940 -0.431157
146 -1.567731 -0.092402
233 -1.529855 -0.301632
298 -1.539423 -0.297451
299 -1.529117 -0.349914
338 -1.519163 -0.486448
415 -1.532114 -0.421720
493 -1.505682 -0.470026
509 -1.484579 -0.592468
530 -1.555383 -0.237896
549 -1.581613 -0.066153
630 -1.502549 -0.469683
697 -1.549635 -0.239427
707 -1.563802 -0.110392
739 -1.546070 -0.301195
782 -1.504670 -0.484638
98 -1.524621 -0.373944
112 -1.498728 -0.505835
148 -1.595799 0.023556
191 -1.512377 -0.401980
217 -1.531070 -0.359593
229 -1.577245 -0.115472
245 -1.592261 0.074113
255 -1.575428 -0.114893
256 -1.579518 -0.107958
266 -1.563354 -0.208203
376 -1.554298 -0.186879
379 -1.575151 -0.045469
449 -1.550758 -0.184548
537 -1.563474 -0.129527
574 -1.551086 -0.278010
642 -1.499866 -0.488408
648 -1.584577 -0.020891
675 -1.550084 -0.244081
774 -1.515688 -0.402325
795 -1.544572 -0.267956
53 -1.526616 -0.344090
143 -1.582335 0.006603
197 -1.593007 0.024037
212 -1.586945 0.039275
261 -1.551087 -0.210799
310 -1.549482 -0.254062
345 -1.477293 -0.558013
351 -1.531873 -0.255245
362 -1.581873 -0.036541
458 -1.536505 -0.271322
472 -1.557745 -0.158005
486 -1.521230 -0.386262
519 -1.541213 -0.352959
573 -1.570259 -0.088520
576 -1.552524 -0.110850
740 -1.592158 0.024699
760 -1.526100 -0.359261
36 -1.541718 -0.323929
47 -1.591066 0.013003
75 -1.582771 -0.099486
78 -1.525253 -0.307672
87 -1.547602 -0.259262
95 -1.615625 0.147944
99 -1.517933 -0.347382
156 -1.546853 -0.277435
252 -1.583581 -0.101180
320 -1.521971 -0.497265
348 -1.607768 0.048981
378 -1.507793 -0.426769
433 -1.527580 -0.351743
468 -1.501327 -0.502734
525 -1.548103 -0.328582
570 -1.551936 -0.235518
578 -1.592159 0.021147
615 -1.571085 -0.036746
652 -1.590139 0.001587
668 -1.559487 -0.141883
692 -1.562284 -0.137931
764 -1.532279 -0.333151
60 -1.518376 -0.442011
72 -1.527770 -0.289032
97 -1.532918 -0.312278
105 -1.601707 0.075246
111 -1.564530 -0.068321
136 -1.498672 -0.529958
142 -1.519047 -0.347264
144 -1.486299 -0.579262
186 -1.551747 -0.195434
206 -1.537026 -0.311523
215 -1.564581 -0.139061
240 -1.546059 -0.170293
317 -1.536809 -0.293098
334 -1.503598 -0.487512
336 -1.520295 -0.423182
347 -1.548222 -0.233449
366 -1.531036 -0.375015
498 -1.551925 -0.271698
534 -1.566617 -0.098094
595 -1.585570 -0.019724
650 -1.573328 -0.142400
666 -1.501174 -0.486897
687 -1.499847 -0.486917
696 -1.556307 -0.207989
702 -1.503596 -0.574876
755 -1.513975 -0.468429
772 -1.581843 -0.050362
17 -1.529647 -0.326541
23 -1.563288 -0.181555
100 -1.557594 -0.171889
101 -1.565769 -0.116857
117 -1.545799 -0.250903
168 -1.603356 0.066224
188 -1.535172 -0.279191
314 -1.521924 -0.386882
331 -1.555617 -0.202188
332 -1.579009 -0.126313
412 -1.542619 -0.325098
430 -1.524494 -0.305920
431 -1.579811 0.006933
490 -1.570205 -0.021616
589 -1.508579 -0.513159
639 -1.535389 -0.341975
720 -1.548589 -0.270607
756 -1.586676 -0.041939
778 -1.577386 -0.052150
787 -1.589963 0.082364
798 -1.535990 -0.362213
37 -1.572385 -0.037967
63 -1.537520 -0.245404
170 -1.579311 -0.040569
307 -1.552405 -0.153522
356 -1.537836 -0.386066
402 -1.555747 -0.188958
404 -1.536373 -0.356140
409 -1.553532 -0.223861
461 -1.578639 -0.104730
481 -1.582623 0.006202
536 -1.557024 -0.244398
571 -1.548163 -0.269764
601 -1.516482 -0.472992
685 -1.502942 -0.521051
695 -1.532625 -0.288434
713 -1.529384 -0.370564
714 -1.542970 -0.358878
792 -1.512692 -0.452021
26 -1.545166 -0.147897
40 -1.518833 -0.381325
66 -1.583338 -0.117661
147 -1.511595 -0.447990
339 -1.587604 -0.026571
369 -1.537264 -0.280856
396 -1.528643 -0.383271
491 -1.559965 -0.096986
507 -1.615689 0.123304
513 -1.574404 -0.024592
555 -1.480012 -0.572405
563 -1.527481 -0.316875
598 -1.542937 -0.310963
610 -1.511236 -0.478079
625 -1.556273 -0.185911
640 -1.563299 -0.126794
694 -1.563675 -0.137342
763 -1.518187 -0.414311
20 -1.556379 -0.277401
93 -1.547090 -0.211269
107 -1.516436 -0.442091
129 -1.540422 -0.313532
160 -1.539300 -0.359112
176 -1.581265 -0.066086
209 -1.534771 -0.301172
225 -1.505692 -0.466718
247 -1.535743 -0.303921
475 -1.557569 -0.254942
527 -1.515035 -0.465147
531 -1.561123 -0.107245
546 -1.528950 -0.379764
585 -1.555957 -0.175171
614 -1.493040 -0.616492
627 -1.515325 -0.423228
706 -1.541794 -0.322228
733 -1.503098 -0.427124
735 -1.558922 -0.125338
750 -1.491794 -0.559496
779 -1.557379 -0.188319
797 -1.542064 -0.271101
85 -1.512383 -0.467192
88 -1.537205 -0.376984
134 -1.501561 -0.374837
248 -1.571277 -0.127742
279 -1.522772 -0.387479
301 -1.581962 -0.062708
326 -1.587151 -0.076613
329 -1.536047 -0.440668
365 -1.545584 -0.253444
372 -1.560248 -0.212214
426 -1.534317 -0.283981
508 -1.535840 -0.322413
518 -1.551488 -0.221073
538 -1.613753 0.098199
543 -1.519367 -0.400565
550 -1.508307 -0.538676
657 -1.585163 -0.039859
660 -1.594488 0.082680
746 -1.531727 -0.337443
10 -1.504930 -0.525308
67 -1.507633 -0.499129
86 -1.601680 0.079576
133 -1.527941 -0.360611
199 -1.511952 -0.419339
214 -1.516164 -0.304508
222 -1.566393 -0.163789
271 -1.590449 -0.074152
284 -1.507626 -0.503348
424 -1.524797 -0.387529
425 -1.531859 -0.354358
441 -1.509144 -0.449930
516 -1.519573 -0.451110
663 -1.538557 -0.348764
664 -1.507379 -0.479787
676 -1.546033 -0.297227
730 -1.587542 -0.101201
731 -1.511707 -0.442359
745 -1.587246 0.031673
771 -1.544821 -0.259654
132 -1.530707 -0.369998
158 -1.511171 -0.448171
190 -1.518810 -0.420275
237 -1.550746 -0.237926
244 -1.491569 -0.615749
251 -1.546173 -0.244619
276 -1.532987 -0.356336
358 -1.559686 -0.182285
359 -1.594486 0.038247
380 -1.548426 -0.239608
427 -1.578040 -0.028927
452 -1.531333 -0.273697
484 -1.502136 -0.476608
489 -1.510142 -0.460836
514 -1.520396 -0.341262
635 -1.508567 -0.459778
670 -1.521584 -0.394313
693 -1.541271 -0.281236
722 -1.553885 -0.228803
789 -1.580622 -0.021445
1 -1.492212 -0.547390
14 -1.521117 -0.397911
110 -1.513070 -0.484009
154 -1.587850 0.026896
162 -1.549559 -0.238829
169 -1.526924 -0.309947
200 -1.573204 -0.157747
321 -1.490542 -0.489012
324 -1.596068 -0.017981
500 -1.562759 -0.210793
523 -1.539411 -0.326661
591 -1.522260 -0.413440
599 -1.551437 -0.231684
617 -1.525912 -0.435502
634 -1.571712 -0.137057
644 -1.559864 -0.129993
700 -1.564934 -0.119022
4 -1.595550 -0.009650
35 -1.552692 -0.230678
50 -1.509016 -0.496610
115 -1.528156 -0.332158
122 -1.508126 -0.422983
126 -1.510081 -0.444190
174 -1.532271 -0.449979
230 -1.564433 -0.150441
232 -1.586176 -0.005392
292 -1.553923 -0.184063
293 -1.518746 -0.412658
390 -1.515702 -0.392933
432 -1.507187 -0.506096
532 -1.551646 -0.226239
541 -1.570993 -0.181623
580 -1.591383 0.009795
662 -1.530954 -0.341076
703 -1.603029 0.065134
747 -1.542955 -0.287474
8 -1.557683 -0.136728
82 -1.573293 -0.120325
128 -1.524941 -0.347471
130 -1.576265 -0.068755
171 -1.524940 -0.388074
183 -1.573711 -0.149213
226 -1.557226 -0.219568
254 -1.518688 -0.353015
282 -1.520831 -0.294701
304 -1.580821 -0.016505
328 -1.538038 -0.346277
467 -1.573273 -0.151095
487 -1.562581 -0.172165
511 -1.531403 -0.429141
542 -1.520002 -0.417714
556 -1.552518 -0.130156
665 -1.582916 -0.020436
788 -1.540419 -0.311696
13 -1.572395 -0.111945
24 -1.559637 -0.192031
31 -1.537898 -0.318451
48 -1.515825 -0.407638
94 -1.524136 -0.461983
440 -1.523544 -0.361235
545 -1.604704 0.083206
579 -1.560114 -0.182654
604 -1.561217 -0.182877
629 -1.562563 -0.142565
649 -1.519819 -0.408930
651 -1.556894 -0.230381
710 -1.563684 -0.068692
724 -1.560713 -0.164355
231 -1.540831 -0.297863
263 -1.514153 -0.421107
319 -1.519421 -0.395503
367 -1.488696 -0.502154
616 -1.527343 -0.374964
623 -1.581693 -0.013000
709 -1.581751 -0.107339
12 -1.522224 -0.400396
15 -1.579905 -0.119097
195 -1.565195 -0.188749
250 -1.516006 -0.442342
288 -1.542518 -0.198033
439 -1.569603 0.024712
443 -1.555607 -0.195851
480 -1.570162 -0.087002
626 -1.538996 -0.308531
632 -1.531092 -0.406778
641 -1.530643 -0.314789
726 -1.516914 -0.300933
775 -1.501379 -0.535581
785 -1.522375 -0.361569
786 -1.559053 -0.156413
253 -1.557419 -0.139270
322 -1.491347 -0.587659
340 -1.598534 0.002244
515 -1.555584 -0.173607
535 -1.561860 -0.182563
544 -1.587437 -0.000996
711 -1.500058 -0.511810
784 -1.551293 -0.195071
68 -1.581640 -0.108679
238 -1.505443 -0.513416
342 -1.545753 -0.178250
357 -1.503789 -0.506911
363 -1.503120 -0.496568
377 -1.500776 -0.447415
388 -1.601844 0.011119
423 -1.557751 -0.212639
624 -1.535308 -0.315851
680 -1.592395 -0.031640
757 -1.533927 -0.342254
289 -1.538787 -0.311204
360 -1.583553 -0.094015
416 -1.597935 0.051051
488 -1.579753 -0.027180
548 -1.533489 -0.364290
577 -1.512994 -0.492948
656 -1.573877 -0.201225
73 -1.583830 -0.021884
91 -1.583408 -0.100528
239 -1.541429 -0.290922
242 -1.581895 -0.030437
257 -1.566273 -0.179958
456 -1.540789 -0.311509
504 -1.517779 -0.457662
526 -1.516323 -0.448015
684 -1.577818 -0.090912
712 -1.581009 0.008228
736 -1.499491 -0.571538
768 -1.575638 -0.135115
102 -1.528508 -0.403754
121 -1.568855 -0.032408
198 -1.593477 -0.016416
259 -1.533555 -0.379929
267 -1.570889 -0.144188
330 -1.503276 -0.510955
505 -1.513084 -0.499695
520 -1.551514 -0.323001
619 -1.562809 -0.114887
637 -1.585213 -0.045048
124 -1.506280 -0.435194
344 -1.586661 -0.038266
346 -1.531391 -0.337042
374 -1.512192 -0.435939
386 -1.519080 -0.454783
584 -1.585274 -0.086650
717 -1.580568 -0.075514
799 -1.532405 -0.286128
127 -1.519367 -0.443635
163 -1.533507 -0.392705
175 -1.507008 -0.513879
406 -1.534546 -0.270837
421 -1.534438 -0.316275
422 -1.575001 -0.148101
462 -1.572280 -0.145591
679 -1.565749 -0.095838
708 -1.544572 -0.266975
0 -1.573393 -0.088281
43 -1.508358 -0.476358
204 -1.528265 -0.361670
272 -1.498110 -0.447966
354 -1.534618 -0.303606
438 -1.540545 -0.165450
698 -1.578018 -0.073327
69 -1.600040 -0.003802
302 -1.515404 -0.447203
474 -1.591704 -0.092651
478 -1.593763 -0.017796
565 -1.478652 -0.556468
70 -1.527172 -0.328855
497 -1.513527 -0.446000
636 -1.573062 -0.150503
765 -1.554813 -0.191160
30 -1.600671 -0.004714
177 -1.518658 -0.544363
211 -1.603474 0.063079
540 -1.577381 -0.096010
597 -1.558735 -0.193608
669 -1.490298 -0.590561
381 -1.517336 -0.432116
392 -1.544568 -0.375251
434 -1.558578 -0.167214
444 -1.521601 -0.444459
483 -1.556779 -0.168677
608 -1.516526 -0.533314
727 -1.576986 -0.029668
192 -1.565655 -0.216775
172 -1.565122 -0.135827
512 -1.534124 -0.414245
524 -1.526652 -0.339956
596 -1.544018 -0.276739
27 -1.562030 -0.243577
114 -1.580438 -0.087000
398 -1.560038 -0.218374
420 -1.579512 -0.086837
552 -1.523524 -0.419253
189 -1.567036 -0.190091
442 -1.567986 -0.188864
557 -1.521202 -0.378662
647 -1.495964 -0.535210
793 -1.575590 -0.040896
311 -1.559850 -0.217040
503 -1.546672 -0.328010
522 -1.511796 -0.463032
558 -1.553770 -0.295571
575 -1.577838 -0.025855
295 -1.579797 -0.093888
65 -1.526888 -0.395381
477 -1.584040 -0.055456
106 -1.573460 -0.063804
445 -1.529740 -0.387164
725 -1.500726 -0.498451
201 -1.517425 -0.380687
572 -1.570488 -0.045762
219 -1.525128 -0.367100
325 -1.570252 -0.102191
606 -1.492548 -0.516690
408 -1.571119 -0.067241
393 -1.561242 -0.169636
