806 2
262 -1.367168 0.396315
28 -1.366894 -0.180359
32 -1.410608 -0.049316
35 -1.396517 0.071099
765 -1.335834 0.050673
409 -1.383146 0.155601
96 -1.392443 0.460648
118 -1.383577 0.145453
139 -1.345083 0.233807
766 -1.368278 0.075338
52 -1.426108 0.321260
362 -1.396341 -0.055146
364 -1.357764 0.126983
30 -1.379879 0.484503
137 -1.410796 -0.334474
343 -1.438289 -0.423989
22 -1.398226 -0.322144
29 -1.418977 -0.037304
36 -1.425795 0.268526
77 -1.345769 0.150938
239 -1.389550 -0.075345
395 -1.511981 1.045300
804 -1.382634 0.174190
101 -1.338312 0.239492
115 -1.361310 0.050695
126 -1.453336 -0.587111
399 -1.470006 1.090932
513 -1.343014 0.025076
51 -1.458806 -0.612422
454 -1.442125 -0.483350
248 -1.413630 0.367577
420 -1.372939 0.000015
427 -1.400834 0.288548
124 -1.381396 0.024364
439 -1.490410 0.732592
12 -1.422201 0.393859
476 -1.396936 0.249127
485 -1.381146 -0.084379
768 -1.393430 0.405280
78 -1.400973 -0.113776
182 -1.435170 0.398877
221 -1.398851 0.185444
324 -1.405189 0.042485
366 -1.411818 0.373350
43 -1.553023 -1.118261
53 -1.462257 -0.333918
87 -1.442471 -0.554120
461 -1.382484 0.058978
71 -1.423820 -0.401279
424 -1.382997 0.058570
42 -1.388769 0.333118
279 -1.394888 -0.035974
419 -1.416202 -0.177625
335 -1.435229 0.176580
497 -1.411039 -0.184848
692 -1.345688 0.077290
220 -1.417763 0.871086
410 -1.427952 0.790816
120 -1.431579 -0.603222
524 -1.424798 0.343793
263 -1.407938 0.186004
613 -1.373280 0.317585
696 -1.455082 0.867718
21 -1.478938 -0.473246
57 -1.412658 -0.271814
219 -1.402442 0.441137
289 -1.423373 -0.403952
440 -1.445589 0.430583
60 -1.370582 0.598312
84 -1.401561 0.547021
125 -1.418022 0.042938
274 -1.412910 -0.352260
577 -1.463982 -0.652551
63 -1.502288 -0.502805
94 -1.456323 -0.354569
288 -1.432746 -0.480883
462 -1.428769 -0.031698
538 -1.441936 0.451488
74 -1.495795 -0.502243
361 -1.376696 0.174390
277 -1.412728 0.543989
663 -1.566397 -1.160987
769 -1.394947 -0.051692
784 -1.483379 0.792642
56 -1.432765 -0.478632
135 -1.358097 -0.006521
428 -1.440257 -0.264661
466 -1.399779 0.457197
499 -1.437344 0.575884
26 -1.384503 0.003857
107 -1.468916 0.712345
117 -1.425279 0.392123
138 -1.398963 0.526071
210 -1.362794 0.260589
372 -1.394798 0.256778
66 -1.383740 0.724619
203 -1.476277 0.862275
443 -1.418729 -0.150817
700 -1.439277 -0.406127
128 -1.481779 -0.766268
517 -1.424045 0.231364
67 -1.439378 -0.462444
100 -1.422339 0.222703
482 -1.548699 1.263904
550 -1.392627 0.321967
563 -1.526064 -0.873188
703 -1.601343 -1.131032
7 -1.523708 -0.815231
145 -1.386022 -0.256009
247 -1.445176 0.677494
270 -1.430665 0.318200
296 -1.437186 -0.291080
346 -1.404650 -0.113212
367 -1.496622 -0.616852
739 -1.505826 -0.700215
54 -1.382621 0.163558
214 -1.542032 1.037679
373 -1.438260 -0.319635
31 -1.528017 -0.947320
129 -1.489078 -0.777892
723 -1.478587 -0.592779
798 -1.487168 -0.606011
2 -1.504737 -0.710778
8 -1.464368 -0.543006
48 -1.384694 0.276953
95 -1.394829 0.615939
330 -1.463918 -0.708992
407 -1.414006 0.942976
767 -1.499365 -0.682851
774 -1.490933 -0.526179
805 -1.422693 0.777608
27 -1.447669 0.651604
105 -1.437954 0.688988
225 -1.452614 0.604340
391 -1.483996 0.798259
611 -1.575893 -1.018253
802 -1.494860 -0.882239
46 -1.504356 -0.831825
102 -1.568538 -1.098271
149 -1.473896 0.667528
202 -1.471149 0.852790
237 -1.496371 -0.455369
267 -1.391819 0.159917
445 -1.454904 0.835675
455 -1.430923 0.697463
47 -1.462159 0.678807
176 -1.463343 -0.639235
626 -1.629158 -1.226273
34 -1.429016 0.472745
179 -1.460728 -0.583659
236 -1.451966 -0.582614
369 -1.464196 0.490214
396 -1.519169 -0.725525
39 -1.433336 0.488876
323 -1.506100 -0.610503
691 -1.473632 0.557902
697 -1.510673 1.172294
744 -1.466378 0.840469
157 -1.480670 0.759044
539 -1.482033 0.806241
544 -1.462053 -0.717337
136 -1.504051 -0.883581
231 -1.409658 0.667117
437 -1.499318 0.708289
749 -1.536293 -0.916111
759 -1.425503 -0.526879
142 -1.418350 0.210607
257 -1.457415 -0.763777
453 -1.496467 -0.723696
645 -1.397000 0.474609
33 -1.480564 -0.598905
64 -1.457591 -0.635228
79 -1.392954 -0.358724
515 -1.525665 1.164466
540 -1.430430 0.655892
642 -1.491783 0.930646
745 -1.558107 1.192339
93 -1.497038 -0.753792
144 -1.510193 -0.913416
38 -1.479942 -0.721801
75 -1.492950 -0.678303
108 -1.472151 -0.565127
340 -1.476165 -0.721201
627 -1.556495 -1.052561
635 -1.440794 0.386129
776 -1.456280 0.950191
9 -1.521551 1.115601
561 -1.557477 1.255297
594 -1.503174 -0.783587
598 -1.488571 0.677166
50 -1.581739 -1.081954
58 -1.481171 -0.608903
422 -1.482467 0.790081
471 -1.458870 -0.479098
81 -1.447980 -0.275947
85 -1.463574 -0.467124
106 -1.486717 0.837818
180 -1.450969 0.749438
416 -1.463711 -0.522645
680 -1.599498 -1.237099
473 -1.585137 1.355817
16 -1.497296 -0.749063
298 -1.510453 -0.807568
446 -1.605896 -1.272626
502 -1.611789 -1.164779
6 -1.580628 -1.140280
10 -1.465650 -0.603119
20 -1.548189 -1.191124
90 -1.637702 1.582206
92 -1.457053 0.635937
216 -1.549655 -1.024033
435 -1.452853 -0.559787
576 -1.524674 1.102173
632 -1.461710 0.888654
796 -1.447322 0.698169
147 -1.476640 0.750286
532 -1.459934 0.988075
652 -1.639750 -1.149445
716 -1.520776 -0.936202
3 -1.460372 -0.622614
13 -1.460338 -0.492653
89 -1.448381 0.694818
122 -1.515367 -0.877816
721 -1.557664 1.170403
770 -1.541942 -1.006654
783 -1.498197 -0.690919
127 -1.433914 0.500591
359 -1.508706 -0.709143
441 -1.481280 -0.618488
49 -1.558770 -0.892228
230 -1.454870 0.784285
541 -1.438602 -0.254965
729 -1.505653 -0.630126
18 -1.489549 -0.713009
59 -1.510565 -0.882990
266 -1.584060 1.300903
408 -1.547943 -0.805350
429 -1.518185 1.122208
757 -1.537434 -0.985647
799 -1.499518 1.197005
132 -1.427897 0.145134
199 -1.531439 1.112877
413 -1.431222 0.466977
535 -1.627282 -1.281980
591 -1.476773 -0.795099
37 -1.493091 -0.632164
55 -1.477161 -0.689168
174 -1.513706 0.811951
242 -1.380249 0.423745
282 -1.450671 0.764726
393 -1.529576 -0.661407
406 -1.554000 -1.088723
432 -1.628977 -1.377516
568 -1.537778 0.949176
23 -1.451847 -0.170149
192 -1.504451 1.183406
349 -1.504274 0.937926
593 -1.499859 -0.615062
631 -1.560691 -1.062295
699 -1.514180 -0.671403
701 -1.493095 0.854446
98 -1.436841 -0.295165
344 -1.594881 -1.291030
403 -1.455861 0.910798
465 -1.597976 -1.199333
676 -1.479530 1.001762
143 -1.488452 0.807402
160 -1.617042 1.583039
191 -1.687277 -1.694946
290 -1.574575 -1.030718
567 -1.648592 1.545325
764 -1.511033 -0.706356
791 -1.507137 -0.737769
45 -1.540687 -1.057762
113 -1.490043 1.054159
140 -1.561035 -1.261245
209 -1.548063 -0.827470
570 -1.641536 -1.324068
657 -1.690469 -1.421708
88 -1.509483 -0.907782
91 -1.507254 -0.750369
365 -1.556853 -0.975421
694 -1.487903 0.826182
713 -1.520865 1.263918
11 -1.509349 -0.726746
363 -1.574985 -0.967421
488 -1.604118 1.562450
553 -1.590326 1.245600
738 -1.507414 0.895232
772 -1.559325 1.221079
40 -1.507429 -0.681053
261 -1.626328 -1.303292
380 -1.533840 -0.925218
0 -1.504629 -0.612576
24 -1.478121 -0.657829
500 -1.576814 -1.000178
557 -1.471644 -0.701747
755 -1.651226 -1.396000
19 -1.547679 -0.857735
756 -1.546976 1.311218
469 -1.498860 0.927572
579 -1.522802 -1.103075
617 -1.608904 -1.346086
213 -1.442416 -0.561749
327 -1.545463 -1.122110
655 -1.533937 0.907195
681 -1.572664 -0.926056
1 -1.464053 -0.595740
134 -1.525215 -0.893180
303 -1.530313 1.348973
483 -1.565848 -1.101192
779 -1.523384 -0.635470
188 -1.545202 -0.980773
259 -1.634192 -1.263135
278 -1.554245 -0.986656
379 -1.510764 1.012071
643 -1.492597 1.008804
793 -1.523299 1.199458
315 -1.593652 -1.206214
653 -1.600864 1.346896
200 -1.577253 -1.128389
421 -1.599931 -1.279507
715 -1.558249 1.311832
725 -1.589345 -1.002627
374 -1.485126 0.798809
185 -1.617244 -1.117923
586 -1.527556 1.121247
656 -1.620997 -1.184763
760 -1.521473 0.924707
397 -1.536783 -0.930280
468 -1.674246 -1.417894
565 -1.537633 1.052962
571 -1.648443 -1.286669
619 -1.456198 0.513901
743 -1.712243 -1.573792
65 -1.624860 -1.360578
398 -1.561374 -1.044361
754 -1.619725 -1.270509
119 -1.764874 -1.942258
222 -1.643381 -1.450346
246 -1.576104 1.431215
307 -1.603029 -1.160432
338 -1.666549 -1.735914
405 -1.585318 -1.176159
578 -1.598783 1.459528
271 -1.652153 -1.250650
295 -1.510469 0.876080
328 -1.517997 1.130051
690 -1.720755 -1.810494
742 -1.544733 1.291423
276 -1.585623 1.150618
639 -1.625610 1.270651
795 -1.702118 -1.552528
400 -1.579170 1.463712
546 -1.712982 -1.620464
605 -1.495495 0.898032
204 -1.532773 -0.921988
310 -1.669222 -1.546221
590 -1.641126 -1.408445
785 -1.563513 -0.918140
15 -1.588156 -1.212453
256 -1.614274 -1.043986
355 -1.560051 -0.845210
537 -1.631464 -1.208999
609 -1.609605 -1.120846
711 -1.541763 0.896824
103 -1.596628 -1.161248
305 -1.567225 -0.828355
423 -1.629795 -1.357016
459 -1.526049 1.068678
470 -1.663166 1.591198
564 -1.528717 1.180112
589 -1.682636 -1.710365
746 -1.669172 -1.378224
773 -1.689129 -1.561623
62 -1.596649 -1.013756
243 -1.551928 -0.965616
442 -1.585801 -1.184253
580 -1.586644 1.525900
678 -1.695881 -1.676692
717 -1.515846 -0.978299
801 -1.638164 -1.358267
72 -1.567447 -1.012575
123 -1.791615 2.196498
211 -1.701578 -1.659364
452 -1.549099 1.138973
492 -1.582489 -1.221074
534 -1.555705 1.165591
602 -1.569204 1.250457
604 -1.699146 -1.642307
614 -1.590435 -1.437979
651 -1.600200 -1.248932
718 -1.485009 0.808073
737 -1.578297 1.021854
780 -1.651495 1.501090
153 -1.594221 -1.142216
258 -1.650448 1.703421
368 -1.598437 1.541443
518 -1.648124 -1.435634
548 -1.552834 -0.939755
707 -1.688294 -1.670050
25 -1.529859 0.972120
628 -1.680632 -1.503687
683 -1.516962 1.270216
73 -1.662013 1.693920
253 -1.712895 -1.621175
337 -1.651310 -1.378710
381 -1.608291 -1.082053
477 -1.566393 -1.018791
489 -1.593346 -1.100367
547 -1.518757 -0.702699
670 -1.841870 2.224084
728 -1.608474 -1.047280
121 -1.570008 1.328574
165 -1.589555 1.386866
370 -1.534945 -0.836375
388 -1.577361 -1.033595
456 -1.697968 -1.567588
490 -1.585384 -0.821540
695 -1.635809 -1.371677
371 -1.517954 0.750766
383 -1.593041 -1.117578
479 -1.609841 -1.384747
509 -1.561497 0.875172
510 -1.785845 -1.884921
732 -1.665690 -1.435760
228 -1.697209 1.697926
110 -1.503488 0.932621
610 -1.631866 -1.277042
620 -1.746561 1.888516
622 -1.573270 1.246074
709 -1.644142 -1.321074
302 -1.628899 -1.544433
333 -1.575997 1.284588
555 -1.566121 1.159047
623 -1.844221 -2.011746
665 -1.639137 -1.567933
702 -1.645678 -1.401817
727 -1.786004 -1.948987
794 -1.570936 -0.968286
163 -1.572848 -1.156506
313 -1.824173 -1.914855
533 -1.638107 -1.299911
782 -1.787943 -1.790716
792 -1.602245 1.173431
659 -1.585656 1.493585
761 -1.738900 1.699210
83 -1.671676 1.706216
114 -1.578592 1.155491
207 -1.611876 -1.357131
299 -1.719206 -1.773714
347 -1.713309 -1.702935
549 -1.756424 -1.784339
585 -1.578057 1.201927
664 -1.610177 1.346744
162 -1.507990 0.883876
168 -1.536194 1.265130
351 -1.512059 0.878262
672 -1.600793 1.459100
752 -1.790247 -2.117368
758 -1.759106 1.947429
130 -1.638224 1.707450
495 -1.687028 1.658758
525 -1.543084 -0.974157
638 -1.644866 -1.405649
99 -1.668651 -1.225966
154 -1.627402 1.603650
332 -1.685472 -1.418099
17 -1.619090 1.497981
150 -1.711531 -1.785851
197 -1.734076 -1.511182
249 -1.719111 -1.567488
572 -1.812452 -2.043481
684 -1.739608 -1.688126
61 -1.762052 -1.956379
172 -1.601412 1.295599
217 -1.710768 -1.495145
719 -1.682449 1.622754
748 -1.622584 -1.303857
778 -1.558975 -1.339122
141 -1.796515 -1.806662
414 -1.678874 -1.562931
484 -1.718454 -1.617754
646 -1.782385 -2.111799
131 -1.775008 -1.816821
521 -1.535067 -0.950936
543 -1.543353 1.297714
552 -1.695883 -1.725525
596 -1.802184 2.181853
618 -1.661911 -1.594006
625 -1.752091 -1.828814
661 -1.809344 -2.052261
750 -1.643066 -1.438649
76 -1.790216 1.998362
244 -1.596894 1.273921
275 -1.661085 -1.515184
448 -1.615902 -1.384406
514 -1.770198 1.935118
41 -1.623908 -1.113255
44 -1.615817 1.483053
111 -1.805418 -1.886368
133 -1.725762 -1.796418
104 -1.682942 1.560728
505 -1.764077 -2.106768
592 -1.740978 -1.764653
325 -1.716669 -1.534889
458 -1.705278 -1.641097
575 -1.760298 1.999822
666 -1.752334 -1.850189
668 -1.600142 1.360088
80 -1.617749 1.488526
264 -1.776869 2.151023
569 -1.628514 -1.025147
159 -1.637062 1.464054
177 -1.878784 -2.464010
284 -1.653401 1.639224
377 -1.574020 -1.429574
464 -1.710549 -1.615243
520 -1.705594 1.979133
526 -1.776626 -1.809582
584 -1.832945 2.378760
597 -1.691701 1.720864
710 -1.777230 1.837165
70 -1.751939 -1.801278
417 -1.779604 -1.751969
583 -1.636786 1.587578
736 -1.729898 -1.800242
741 -1.723780 1.656059
311 -1.737674 -1.742586
390 -1.682230 1.492186
674 -1.734120 -1.639518
14 -1.644784 1.768439
151 -1.621634 1.650771
173 -1.681615 1.794499
378 -1.659639 1.543489
649 -1.818404 -1.994466
777 -1.757096 -1.918325
170 -1.649890 -1.466796
297 -1.839079 -1.972946
449 -1.783665 -1.704178
474 -1.839928 -1.933844
660 -1.685621 1.551404
731 -1.706669 -1.458230
166 -1.740681 2.014342
196 -1.659315 1.584508
387 -1.899777 -2.030090
588 -1.667780 -1.614434
687 -1.732573 1.750170
181 -1.678808 -1.604278
480 -1.771712 -1.803554
607 -1.583866 1.528445
629 -1.675920 -1.469944
669 -1.748941 -1.817407
726 -1.838634 -2.133407
803 -1.728316 1.825435
190 -1.735610 1.739985
356 -1.606316 1.493121
641 -1.659051 1.702564
306 -1.749824 -1.705416
339 -1.819098 -1.875423
512 -1.673619 1.630918
529 -1.775708 -1.890532
640 -1.705970 -1.618877
109 -1.715750 -1.571963
148 -1.697110 -1.711609
342 -1.692584 -1.511027
389 -1.607848 1.419114
616 -1.654196 1.744267
291 -1.671494 1.677056
554 -1.837710 -2.134284
706 -1.768999 -1.827353
86 -1.597684 1.387792
215 -1.859558 2.161707
382 -1.625648 -1.373657
496 -1.811448 -1.974140
545 -1.710578 1.877676
595 -1.800542 2.238791
316 -1.687795 1.865272
677 -1.753875 2.206867
212 -1.765315 -1.932128
331 -1.732359 -1.757990
401 -1.691561 -1.655667
425 -1.644469 1.617016
433 -1.902381 -2.189779
763 -1.850539 -1.957529
360 -1.860322 -2.128194
386 -1.737123 1.830180
504 -1.737802 2.045083
682 -1.804475 -1.983789
226 -1.946149 2.484690
444 -1.602666 1.360657
637 -1.718827 -1.885340
662 -1.791058 2.173054
167 -1.795084 -1.996751
536 -1.620616 1.537087
542 -1.650831 -1.297644
698 -1.634157 1.584597
735 -1.767326 2.021730
689 -1.814188 -1.917581
747 -1.738300 1.821598
762 -1.683976 1.696042
152 -1.867498 -2.115878
304 -1.766664 -2.080437
309 -1.882417 -2.321304
352 -1.702563 1.696273
451 -1.812742 -1.961618
511 -1.648471 1.600396
519 -1.674968 1.748393
582 -1.773470 1.998718
603 -1.816073 -2.218434
562 -1.783054 -2.066879
733 -1.824721 2.108932
789 -1.750541 -1.876988
4 -1.732194 1.865861
112 -1.825689 -1.981886
183 -1.800454 -2.049781
486 -1.644270 1.474716
491 -1.804511 -2.056569
574 -1.627797 1.317542
704 -1.707953 -1.732720
241 -1.778502 -1.947085
268 -2.013001 -2.387004
673 -1.833179 2.398505
775 -1.768154 -1.822170
68 -1.724252 1.891641
158 -1.850862 -2.078807
265 -1.827378 -2.091126
287 -1.868166 -2.152830
411 -1.985451 2.723211
430 -1.682871 1.750797
436 -1.739652 1.627931
559 -1.697863 1.790118
621 -1.704938 -1.634607
658 -1.753644 -1.715136
740 -1.784764 -1.782457
320 -1.719592 -1.743729
431 -1.882425 2.315536
587 -1.722010 1.725001
753 -1.796386 2.149066
97 -1.790418 -1.786723
234 -1.844909 -2.191386
487 -1.761886 -1.876310
506 -1.668683 -1.378729
671 -1.802299 -1.944805
788 -1.767616 -1.892559
116 -1.757174 -1.902129
156 -1.801544 2.038196
280 -1.903092 -2.327129
636 -1.725188 -1.720721
667 -1.860100 -1.938071
714 -1.642499 1.672869
722 -1.802427 2.055809
69 -1.670292 -1.505172
146 -1.699185 1.686758
301 -1.745406 2.304405
685 -1.890325 2.471580
208 -1.878628 -2.227961
402 -1.741269 1.837652
508 -1.828880 -1.994829
161 -1.797171 -2.043116
184 -1.771319 2.118203
322 -1.795280 -1.998841
556 -1.758828 -1.771839
255 -1.819620 -2.009632
336 -1.773875 -1.782447
412 -1.690782 -1.419536
612 -1.863547 2.465012
634 -1.815841 -2.167068
227 -1.814387 -2.022366
438 -1.731225 -1.811970
608 -1.794937 -1.866758
693 -1.742762 -1.715372
171 -1.752913 1.963229
317 -1.826344 -1.997469
606 -1.799513 2.035427
232 -1.705365 -1.605564
300 -1.857027 2.279482
551 -1.779177 2.267674
573 -1.694685 -1.408378
615 -1.864083 2.487782
273 -1.861723 -2.099226
523 -1.823659 -2.042355
624 -1.845546 2.169090
375 -1.723373 -1.913388
175 -1.790287 2.265819
308 -1.797811 -1.944819
376 -1.605683 1.363710
654 -1.852336 -2.008297
730 -1.754183 2.080909
771 -1.862486 -2.123547
178 -1.661355 1.588643
467 -1.848270 2.167097
712 -1.975670 2.855259
720 -1.816191 -2.037459
251 -1.706810 -1.854389
450 -1.806092 2.146925
460 -1.791623 1.986684
708 -1.706600 1.706466
786 -1.760213 -1.954817
501 -1.688962 -1.720028
560 -1.767629 1.946895
600 -1.806500 2.158674
644 -1.816047 2.015683
82 -1.813953 -1.933835
281 -1.818226 2.346367
566 -1.882167 2.335138
686 -1.823002 -2.199648
206 -1.760084 2.071749
285 -1.820504 -1.939770
345 -1.864437 -2.363636
385 -1.794623 2.209243
528 -1.867165 2.462871
530 -1.831847 -1.889345
650 -1.759711 2.142133
648 -1.785901 2.100561
688 -1.749283 -1.576409
787 -1.872022 2.400796
384 -1.780460 2.049829
392 -1.838374 -2.159965
507 -1.768044 2.267697
245 -1.787761 2.312674
522 -1.796006 1.978499
647 -1.773705 2.052503
781 -1.835973 -2.179407
155 -1.810205 -2.030863
415 -1.701404 1.746825
186 -1.728437 1.843112
224 -1.916059 2.467464
312 -1.853146 2.603860
189 -1.888345 2.335727
201 -1.794715 2.044618
223 -1.801062 -1.960806
254 -1.889971 2.451586
319 -1.794796 -2.015623
334 -1.809450 -2.059075
404 -1.731609 1.935751
498 -1.805672 -1.930093
169 -1.758559 1.808293
218 -1.747343 1.941668
238 -1.826671 2.023885
394 -1.812044 2.024874
705 -1.741841 1.873676
797 -1.707299 1.764734
195 -1.776246 -1.963899
286 -1.905571 2.332832
348 -1.987718 2.470279
358 -1.823194 -1.917354
630 -1.690375 1.774483
5 -1.815098 2.238911
314 -1.806819 -1.809735
321 -1.831998 2.146282
354 -1.770878 2.261501
679 -1.728334 -1.634170
194 -1.843902 2.184809
418 -1.830734 2.347609
229 -1.947392 2.599768
472 -1.869947 2.385820
527 -1.787733 2.066045
235 -1.713945 1.649240
599 -1.727065 -1.657364
252 -1.802672 2.125199
272 -1.707346 2.033579
434 -1.814743 2.272984
494 -1.971954 2.606503
269 -1.837545 -1.716040
447 -1.885974 2.366917
493 -1.664443 1.820697
751 -1.819154 2.062112
790 -1.770605 1.980700
293 -1.812976 2.079036
457 -1.878283 2.459838
581 -1.794381 1.985831
675 -1.792149 2.018030
283 -1.809471 2.243924
463 -1.881123 2.140385
633 -1.808270 1.983606
326 -1.833121 2.369935
350 -1.803474 -2.015182
205 -1.781989 -1.845020
329 -1.803066 2.061513
250 -1.735312 1.912807
292 -1.760821 2.015605
294 -1.820668 -2.075699
353 -1.703336 -1.645566
357 -1.688416 1.853363
800 -1.817541 2.079960
426 -1.786991 2.029884
516 -1.726759 1.771558
233 -1.750979 1.932323
240 -1.840103 2.158412
558 -1.835068 2.180060
724 -1.809776 2.222074
187 -1.880766 2.319309
503 -1.858851 2.010480
318 -1.836274 2.066303
341 -1.909332 2.342820
260 -1.868688 2.277667
481 -1.780427 2.336454
601 -1.763364 1.838029
475 -1.682189 -1.816906
478 -1.832492 2.153123
734 -1.813792 2.305325
164 -1.789123 1.799445
531 -1.799122 2.058455
198 -1.693783 1.791596
193 -1.782213 1.855448
