660 2
660 -6.501739 -3.039002
659 -5.202224 -2.687769
654 -5.129471 -2.630945
658 -4.912261 -2.646678
657 -4.527011 -2.489164
653 -4.386908 -2.416447
656 -4.125064 -2.346741
655 -4.129185 -2.448628
651 -4.728414 -2.750834
652 -4.007786 -2.393300
650 -3.786242 -2.304774
649 -3.961918 -2.477912
644 -3.485656 -2.145856
641 -2.991832 -2.014002
643 -3.519089 -2.235757
648 -3.447731 -2.288617
640 -3.014785 -2.093994
642 -3.162004 -2.125369
647 -3.138347 -2.120834
639 -2.973931 -2.022278
646 -3.007901 -1.976336
638 -2.865577 -1.958114
637 -3.058280 -2.062991
636 -2.709717 -1.869991
645 -2.924143 -2.087128
626 -2.452941 -1.903677
634 -2.706664 -1.914250
635 -2.716166 -1.921737
627 -2.568792 -2.018243
625 -2.356853 -1.777786
632 -2.678510 -1.966836
629 -2.537286 -1.958086
633 -2.548819 -1.868769
631 -2.513546 -1.933611
630 -2.598327 -1.901724
628 -2.525995 -1.887282
613 -2.285617 -1.834563
611 -2.359436 -1.943073
618 -2.361292 -1.922045
602 -2.395315 -2.035403
623 -2.613610 -2.021472
616 -2.276075 -1.749607
622 -2.560312 -2.012950
614 -2.233536 -1.707132
621 -2.532938 -2.048283
620 -2.232318 -1.705252
603 -2.119424 -1.837075
610 -2.247778 -2.055125
624 -2.162666 -1.748338
619 -2.301442 -1.773846
606 -2.294858 -1.882268
605 -2.229256 -1.872347
607 -2.220167 -1.833357
601 -2.289346 -2.055686
599 -2.208235 -1.996797
600 -2.133205 -1.951625
608 -2.197436 -1.672059
612 -1.993011 -1.720345
617 -2.023196 -1.780171
615 -2.196328 -1.798022
609 -1.786103 -1.623346
595 -2.008460 -1.888813
598 -2.036166 -1.777507
604 -1.930904 -1.787577
567 -2.185897 -1.853946
589 -2.052601 -1.939023
597 -1.920476 -1.920090
588 -2.088672 -1.717950
584 -2.019390 -1.723365
585 -2.129124 -1.803602
593 -2.191971 -1.919744
596 -1.916650 -1.931132
583 -1.640718 -1.558948
573 -2.081129 -2.194174
594 -1.802611 -1.922085
560 -1.984300 -2.010715
582 -1.941416 -1.713365
576 -2.132470 -1.964685
590 -1.663087 -1.549333
586 -1.813935 -1.803100
592 -1.826200 -1.812040
561 -1.746530 -1.683306
580 -1.829592 -1.742504
557 -1.663130 -1.813068
559 -1.793388 -1.651117
581 -1.825857 -1.818130
591 -2.166216 -2.046629
575 -1.886640 -1.808321
542 -1.678211 -1.834689
564 -1.701218 -1.777084
587 -1.541204 -1.749851
530 -1.779109 -1.865690
546 -1.723564 -1.935888
569 -1.922669 -1.809660
570 -1.835678 -1.718518
562 -1.485417 -1.541655
571 -1.447459 -1.528281
579 -1.591792 -1.604783
574 -1.675504 -1.969388
537 -1.773336 -1.737287
554 -1.839503 -2.080886
555 -1.413050 -1.375903
572 -1.564395 -1.676350
577 -1.559813 -1.850988
552 -1.750302 -1.801783
538 -1.840078 -1.822921
563 -1.598649 -1.608094
539 -1.591164 -1.847907
556 -1.556823 -1.468609
558 -1.625146 -1.815145
522 -1.717941 -1.582125
525 -1.939402 -1.830653
565 -1.529092 -1.524223
578 -1.457702 -1.616956
523 -1.713053 -1.698148
521 -1.538173 -1.570110
531 -1.641417 -1.765391
533 -1.516807 -1.575046
548 -1.599483 -1.496265
549 -1.493127 -1.777413
496 -1.320011 -1.582625
506 -1.615491 -1.788702
545 -1.640284 -1.859251
520 -1.504396 -1.843096
536 -1.521501 -1.589673
544 -1.746477 -1.669522
547 -1.226480 -1.679541
509 -1.198919 -1.437968
543 -1.420191 -1.818971
500 -1.461676 -1.916148
524 -1.508468 -1.936282
423 -1.658376 -1.735035
529 -1.333490 -1.528463
566 -1.460280 -1.564330
505 -1.286322 -1.545221
507 -1.598448 -1.950978
510 -1.700588 -1.752865
515 -1.472118 -1.790013
526 -1.373768 -1.349143
540 -1.677497 -1.719294
550 -1.365294 -1.672662
551 -1.364510 -1.526739
568 -1.345201 -1.729761
487 -1.479610 -1.448971
490 -1.407989 -1.585006
494 -1.460137 -1.778772
495 -1.352685 -1.513623
517 -1.402524 -1.509138
528 -1.360388 -1.762594
457 -1.486361 -1.789590
471 -1.463396 -1.587446
492 -1.441887 -1.558208
499 -1.070252 -1.369558
553 -1.443840 -1.759052
483 -1.310097 -1.741770
541 -1.430130 -1.611570
460 -1.384278 -1.607789
466 -1.393711 -1.524836
513 -1.408356 -1.819834
456 -1.388842 -1.475448
467 -1.585388 -1.745808
480 -1.238762 -1.596457
504 -1.159418 -1.658018
511 -1.477480 -1.614008
534 -1.186611 -1.486850
434 -1.399859 -1.487803
464 -1.371679 -1.825950
468 -1.481987 -1.540049
476 -1.364119 -1.614004
479 -1.171237 -1.490523
485 -1.087686 -1.583097
535 -1.454323 -1.738157
328 -1.289356 -1.718719
407 -1.242816 -1.725093
445 -1.277238 -1.517191
452 -1.122497 -1.482536
453 -1.548072 -1.904282
478 -1.254815 -1.506853
481 -1.383293 -1.616447
482 -1.432136 -1.563615
501 -1.331665 -1.555831
449 -1.171250 -1.618495
503 -1.077834 -1.628723
392 -1.427401 -1.698649
430 -1.108607 -1.602792
437 -1.350515 -1.819182
439 -1.570104 -1.659007
447 -1.569348 -1.845561
450 -1.073353 -1.416400
427 -1.359011 -1.817475
448 -1.281530 -1.341094
470 -1.205589 -1.448976
472 -1.309975 -1.695110
477 -1.320784 -1.596522
489 -1.166568 -1.538381
497 -1.395321 -1.747986
414 -1.568013 -1.587200
417 -1.053563 -2.145022
422 -1.373699 -1.656105
446 -1.182452 -1.787242
469 -1.040339 -1.746972
473 -1.288136 -1.462566
502 -1.299540 -1.435718
514 -1.079608 -1.396571
518 -0.908029 -1.649055
266 -1.269727 -1.709485
327 -1.341196 -1.693465
413 -1.122362 -1.363365
432 -1.076508 -1.514420
484 -0.914930 -1.338906
356 -1.051144 -1.643736
366 -1.097637 -1.961285
425 -1.189941 -1.571250
451 -0.969164 -1.526929
459 -0.988813 -1.386988
486 -1.020816 -1.228106
310 -0.791042 -1.736665
401 -0.920834 -1.455525
403 -0.894676 -1.418365
408 -1.360459 -1.521002
418 -0.987987 -1.253776
465 -0.976380 -1.368557
475 -0.977780 -1.193032
488 -1.296654 -1.447411
508 -1.029975 -1.328726
358 -0.996950 -1.325091
383 -0.868895 -1.256377
400 -1.182541 -1.426034
419 -1.281863 -1.574487
431 -1.013214 -1.130977
436 -1.224398 -1.323208
246 -0.906489 -1.596538
264 -1.316410 -1.853208
299 -0.913374 -1.411319
352 -0.972907 -1.430012
461 -0.934285 -1.574735
463 -1.063592 -1.557567
474 -1.132461 -1.476692
516 -0.892260 -1.387900
519 -0.920156 -1.186899
527 -1.060880 -1.576153
273 -0.973360 -1.267348
357 -0.912860 -1.528180
370 -1.016007 -1.536978
377 -0.894934 -1.267199
381 -0.839986 -1.372452
384 -0.982031 -1.414481
398 -1.081156 -1.285595
405 -0.951140 -1.770001
409 -0.950782 -1.380578
416 -1.352101 -1.415885
442 -1.049721 -1.460616
444 -0.771414 -1.287086
116 -0.797376 -1.441497
255 -1.151282 -1.419262
267 -0.938505 -1.561821
277 -1.083464 -1.465403
280 -0.828233 -1.626734
329 -0.975375 -1.445693
351 -0.998673 -1.288229
371 -0.900406 -1.689678
386 -1.104415 -1.607156
406 -1.008751 -1.414141
441 -0.972826 -1.455969
455 -1.086837 -1.315091
498 -1.159370 -1.337677
532 -0.629828 -0.957863
215 -1.195705 -1.715425
239 -1.002246 -1.206710
268 -1.000666 -1.453011
271 -1.166810 -1.489352
307 -0.982061 -1.354561
309 -1.014249 -1.481896
343 -1.129856 -1.548173
359 -1.182958 -1.542465
362 -1.342639 -1.456748
385 -0.892367 -1.661409
391 -0.900511 -1.341744
393 -0.847926 -1.273073
429 -1.041438 -1.492035
244 -1.087866 -1.643050
245 -1.010884 -1.135579
337 -0.883043 -1.727947
338 -0.898375 -1.567883
348 -0.818402 -1.194314
412 -1.023547 -1.480945
420 -1.101544 -1.350881
421 -1.189663 -1.416442
440 -0.715427 -1.405487
443 -0.893071 -1.190820
454 -0.796491 -1.399954
458 -0.805632 -1.399150
493 -0.848940 -1.326945
512 -1.066380 -1.232532
78 -0.739254 -1.560778
93 -0.803590 -1.628960
106 -1.160746 -1.388801
153 -0.905222 -1.358727
241 -0.730207 -1.248247
249 -0.947204 -1.568429
253 -0.774589 -1.242247
260 -0.867640 -1.394555
270 -0.892275 -1.445569
274 -0.847467 -1.325235
308 -0.804340 -1.507356
342 -1.059704 -1.511229
365 -0.996543 -1.386709
379 -1.112715 -1.341299
382 -0.703024 -1.643504
399 -0.827177 -1.437024
438 -0.829483 -1.405179
217 -0.791304 -1.573707
247 -0.899186 -1.664075
261 -0.691113 -1.533526
272 -0.898876 -1.216580
302 -0.571958 -1.375842
323 -0.841077 -1.524134
326 -0.933115 -1.407712
334 -0.635712 -1.194834
367 -0.737593 -1.634683
373 -0.826368 -1.168187
375 -0.733342 -1.257618
88 -0.752752 -1.516374
105 -0.945629 -1.522041
119 -0.515933 -1.220722
121 -0.991565 -1.338789
213 -1.035941 -1.661793
228 -1.084559 -1.737617
262 -0.780842 -1.410176
263 -0.711942 -1.271547
279 -0.830508 -1.421721
311 -1.142952 -1.612345
315 -0.758710 -1.427834
316 -0.980671 -1.402061
335 -0.934699 -1.304800
349 -0.877156 -1.624377
353 -0.864962 -1.359257
354 -0.678507 -1.301991
355 -0.577036 -1.269335
378 -0.719886 -1.082927
390 -0.855416 -1.734156
397 -0.547244 -0.919470
411 -0.864353 -1.556383
415 -0.770654 -1.070341
433 -0.729259 -1.090826
435 -0.816981 -1.164429
91 -0.577618 -1.150769
110 -0.700410 -1.738475
145 -0.742634 -1.051882
212 -0.684511 -1.320389
216 -0.947177 -1.335344
232 -0.978105 -1.456289
240 -0.839334 -1.368597
242 -0.724019 -1.367690
250 -0.884534 -1.167800
278 -0.910150 -1.565152
284 -0.933526 -1.364991
291 -0.981588 -1.294925
292 -0.904509 -1.210449
306 -0.932051 -1.362873
314 -0.694931 -1.122253
319 -0.680450 -1.419591
336 -0.669113 -1.344702
341 -0.901414 -1.637011
364 -0.711765 -1.302044
368 -0.884698 -1.142295
394 -0.895684 -1.366462
402 -1.055250 -1.555303
404 -0.704363 -1.267287
67 -0.654731 -1.452996
69 -0.833344 -1.344460
112 -0.465171 -1.038273
125 -1.018490 -1.506209
126 -0.612056 -1.410369
130 -0.722392 -1.253479
134 -0.464326 -1.385185
199 -0.367681 -1.430301
224 -0.827026 -1.507535
233 -0.950964 -1.223929
269 -0.748348 -1.118057
288 -0.963166 -1.248588
295 -0.809664 -1.397169
305 -0.644703 -0.964666
322 -0.661321 -1.343992
331 -0.314824 -1.030189
333 -0.622503 -0.985157
344 -0.670586 -1.187368
345 -0.760361 -1.583751
347 -0.873028 -1.342581
350 -0.872285 -1.393231
360 -0.874848 -1.590065
361 -0.862652 -1.187554
380 -0.595750 -1.364896
387 -0.888771 -1.357938
424 -0.501035 -1.102504
491 -0.759959 -1.139795
66 -0.736928 -1.551839
68 -0.730901 -1.099687
75 -0.786153 -1.080325
77 -0.641122 -1.167949
89 -0.721729 -1.653241
94 -0.682421 -1.390619
115 -0.732604 -1.385133
161 -0.646986 -1.276870
200 -0.794662 -1.210738
201 -0.689286 -1.224627
214 -0.743793 -1.190727
218 -0.679173 -1.458525
220 -0.644406 -1.464952
222 -0.657356 -1.336386
230 -0.568630 -1.282441
231 -0.912344 -1.399190
235 -0.872946 -1.367014
243 -0.589670 -1.279050
248 -0.764773 -1.351933
254 -0.644930 -1.219184
259 -0.726590 -1.158412
282 -0.770384 -1.298256
289 -0.867871 -1.274173
296 -0.350641 -1.309915
298 -0.884953 -1.541725
317 -0.746249 -1.433588
320 -0.697109 -1.294061
325 -0.519706 -1.065710
332 -0.569588 -1.255131
369 -0.603037 -1.133734
388 -0.567169 -1.318491
395 -0.737153 -1.214365
462 -0.756324 -1.130199
50 -0.506515 -1.413870
64 -0.735045 -1.564111
74 -0.539716 -1.481056
82 -0.612820 -1.615062
113 -0.768268 -1.225613
131 -0.573101 -1.089292
132 -0.412297 -1.034974
172 -0.656795 -1.124705
183 -0.670147 -1.155901
209 -0.569272 -1.115159
225 -0.402201 -1.288378
226 -0.585616 -0.992128
229 -0.695105 -1.319605
234 -0.449542 -1.141996
238 -0.761300 -1.408111
258 -0.413056 -1.256560
276 -0.732865 -1.399230
290 -0.887355 -1.248832
339 -0.607971 -1.009852
340 -0.723005 -1.089235
346 -0.730891 -1.213483
41 -0.637319 -1.222420
46 -0.585116 -1.180155
60 -0.581647 -1.282023
61 -0.765283 -1.110007
63 -0.778780 -1.217680
73 -0.698866 -1.323016
76 -0.221481 -1.081917
79 -0.971006 -1.223182
83 -0.567305 -1.032522
92 -0.344642 -1.156847
108 -0.312168 -1.136821
117 -0.605747 -1.333315
133 -0.542655 -1.076833
144 -0.723120 -1.315711
177 -0.646857 -1.277634
186 -0.361249 -1.413853
196 -0.579263 -1.290416
204 -0.584023 -1.139874
206 -0.511911 -1.197275
207 -0.693819 -1.256461
210 -0.558501 -1.063682
236 -0.391662 -1.180623
237 -0.652993 -1.139356
251 -0.666227 -1.204999
257 -0.551194 -1.193682
275 -0.538583 -1.176886
281 -0.928071 -1.008843
285 -0.675420 -1.181098
287 -0.506035 -1.146378
297 -0.476896 -1.012054
318 -0.535439 -1.087217
330 -0.420829 -0.809356
374 -0.586715 -0.872146
376 -0.574704 -0.852645
396 -0.739639 -1.512392
410 -0.656905 -1.181745
428 -0.478768 -1.105054
36 -0.530885 -0.931518
43 -0.127357 -0.958703
47 -0.899400 -0.952267
51 -0.490673 -1.382445
54 -0.647471 -1.063680
57 -0.729130 -1.187323
59 -0.508146 -0.643684
85 -0.696569 -1.043529
86 -0.714872 -1.044948
96 -0.388055 -0.998570
97 -0.522970 -1.089554
101 -0.606122 -1.125509
103 -0.571355 -0.984795
109 -0.626247 -1.252643
118 -0.445553 -1.159530
122 -0.415515 -1.135763
169 -0.616425 -1.055449
192 -0.446614 -0.935094
195 -0.507992 -1.290820
197 -0.609949 -0.931415
211 -0.641471 -0.932937
219 -0.556757 -1.094153
252 -0.568499 -1.128884
256 -0.773089 -0.950790
286 -0.607615 -1.182782
294 -0.589499 -1.162896
300 -0.748360 -0.980303
304 -0.553636 -0.964866
313 -0.274448 -1.193353
321 -0.633483 -1.155165
372 -0.420420 -0.955246
389 -0.293302 -1.202668
17 -0.450382 -1.044632
20 -0.454972 -1.045867
22 -0.355855 -0.941192
23 -0.750245 -1.112783
32 -0.554571 -1.153078
35 -0.305664 -1.246918
42 -0.568713 -1.158401
44 -0.077859 -0.819653
52 -0.308757 -1.243085
53 -0.467076 -1.236202
55 -0.151894 -1.116282
62 -0.601725 -1.254074
65 -0.526936 -0.969868
70 -0.381265 -0.857801
71 -0.580441 -0.961163
72 -0.362030 -1.181967
84 -0.523689 -1.173849
102 -0.651088 -1.166883
107 -0.533054 -1.138468
111 -0.611700 -1.170932
151 -0.409667 -1.239318
168 -0.330522 -0.987945
173 -0.578680 -1.293558
175 -0.475853 -1.114439
176 -0.417866 -0.686900
178 -0.451989 -1.021776
184 -0.520294 -1.126238
187 -0.468749 -1.020256
188 -0.489369 -1.095451
189 -0.170193 -0.910065
190 -0.484343 -1.213263
191 -0.747375 -1.108859
198 -0.549668 -1.077337
202 -0.530815 -1.016883
203 -0.167062 -0.952446
205 -0.476459 -1.031921
208 -0.192040 -0.968197
227 -0.278379 -1.062448
265 -0.767943 -1.092469
301 -0.508032 -1.122906
303 -0.425747 -1.126477
312 -0.453208 -0.956201
324 -0.490634 -0.850763
426 -0.255689 -0.917398
15 -0.639869 -1.134700
16 -0.526344 -0.986117
24 -0.238356 -1.043979
25 -0.333579 -0.968568
26 -0.395220 -1.058169
28 -0.289838 -0.909896
34 -0.435785 -0.936121
37 -0.642390 -1.119611
39 -0.372990 -1.144345
45 -0.376716 -1.279750
49 -0.511305 -1.154307
56 -0.688411 -0.843106
58 -0.195805 -1.106926
80 -0.474642 -1.104745
81 -0.693461 -1.023542
87 -0.273515 -1.036031
90 -0.566812 -1.075087
98 -0.310127 -0.969597
99 -0.403233 -0.795779
100 -0.690262 -1.240019
135 -0.643449 -1.265732
139 -0.372239 -1.242740
148 -0.261758 -1.070911
149 -0.168143 -1.087495
155 -0.674283 -1.045461
157 -0.526473 -1.105920
158 -0.267544 -1.200607
159 -0.411144 -0.991769
160 -0.253175 -1.081860
162 -0.275856 -0.785026
165 -0.482094 -0.942784
166 -0.439166 -0.953278
167 -0.357339 -0.961155
170 -0.504895 -1.074674
171 -0.330756 -0.776264
174 -0.323861 -1.018518
179 -0.555969 -0.922738
180 -0.598212 -0.926380
181 -0.096419 -1.010643
182 -0.257067 -0.701640
283 -0.332108 -0.904934
363 -0.449305 -1.318089
1 -0.206498 -1.293761
2 -0.342317 -1.115231
3 -0.295393 -0.850526
4 -0.553110 -0.637246
5 -0.229264 -1.236437
6 -0.404712 -0.776706
7 -0.414313 -1.010594
8 -0.551550 -0.976399
9 -0.423059 -1.199361
10 -0.475167 -1.054222
11 -0.326836 -0.921980
12 -0.348986 -1.042285
13 -0.426140 -0.939075
14 -0.157960 -0.786339
18 -0.498171 -1.109364
19 -0.439870 -1.012231
21 -0.327063 -0.832945
27 -0.290979 -0.943612
29 -0.138395 -0.934383
30 -0.535310 -0.836042
31 -0.270708 -0.824809
33 -0.578183 -0.734597
38 -0.340041 -0.823227
40 -0.474889 -1.174757
48 -0.370709 -0.960607
95 -0.489597 -1.132260
104 -0.710249 -0.969076
114 -0.665383 -1.044949
120 -0.536958 -1.263943
123 -0.592413 -0.909407
124 -0.442185 -1.173023
127 -0.398995 -0.967638
128 -0.497113 -1.141837
129 -0.590053 -1.165743
136 -0.242555 -0.927159
137 -0.230964 -0.961177
138 -0.359692 -0.989607
140 -0.190855 -0.792590
141 -0.242231 -1.258127
142 -0.332807 -0.955596
143 -0.534904 -1.093969
146 -0.427268 -0.947747
147 -0.341849 -1.128787
150 -0.418374 -1.114523
152 -0.480267 -1.172149
154 -0.392938 -1.007371
156 -0.173472 -1.078405
163 -0.489686 -0.871226
164 -0.098605 -0.761052
185 -0.403317 -0.968424
193 -0.269208 -0.820317
194 -0.212455 -1.064623
221 -0.360342 -0.820540
223 -0.403642 -0.876304
293 -0.314583 -0.753875
