800 2
646 -1.523527 -0.422829
528 -1.563384 -0.056370
64 -1.488763 -0.581141
587 -1.538985 -0.302204
313 -1.533002 -0.262789
796 -1.504161 -0.443722
33 -1.569969 -0.155169
49 -1.514667 -0.444949
436 -1.531695 -0.317475
593 -1.553830 -0.196938
92 -1.526462 -0.324313
34 -1.516202 -0.421552
605 -1.561092 -0.107714
766 -1.540332 -0.256666
9 -1.485920 -0.618742
751 -1.572608 -0.057324
150 -1.493112 -0.552082
453 -1.559277 -0.129864
460 -1.591749 -0.016324
705 -1.512082 -0.461820
243 -1.528619 -0.405177
429 -1.560177 -0.185264
384 -1.519971 -0.470563
448 -1.517769 -0.384272
643 -1.507288 -0.400904
202 -1.506970 -0.472877
210 -1.566856 -0.175266
224 -1.556980 -0.166295
492 -1.575591 -0.049007
600 -1.600429 0.091772
83 -1.534713 -0.304118
184 -1.540923 -0.257248
274 -1.555305 -0.185855
306 -1.538225 -0.237063
495 -1.532070 -0.304148
621 -1.574464 -0.033875
622 -1.567685 -0.122870
633 -1.521191 -0.423448
770 -1.507830 -0.473948
57 -1.543783 -0.298580
268 -1.525390 -0.339044
411 -1.551191 -0.176084
457 -1.587839 0.015482
517 -1.512932 -0.445463
569 -1.600652 0.076894
6 -1.579200 -0.033413
89 -1.526308 -0.404141
258 -1.458023 -0.718857
728 -1.583355 -0.059366
216 -1.579976 -0.036199
501 -1.544822 -0.246929
529 -1.522150 -0.401348
554 -1.518276 -0.407997
611 -1.575566 -0.129835
3 -1.556291 -0.238693
318 -1.591299 -0.045555
564 -1.513590 -0.474833
566 -1.581447 -0.085040
658 -1.563847 -0.142431
32 -1.542105 -0.267632
327 -1.539009 -0.266889
401 -1.556964 -0.217480
407 -1.588209 -0.040806
473 -1.572272 -0.078830
654 -1.566705 -0.105995
659 -1.522010 -0.414657
674 -1.553713 -0.213919
780 -1.569131 -0.140094
16 -1.542895 -0.286483
41 -1.584930 0.017051
157 -1.523788 -0.338030
260 -1.539155 -0.282454
286 -1.549817 -0.156058
296 -1.491463 -0.585460
455 -1.507373 -0.451811
479 -1.508763 -0.511367
482 -1.559918 -0.210492
715 -1.541589 -0.338586
743 -1.507176 -0.513116
140 -1.514096 -0.445829
152 -1.551784 -0.242976
315 -1.556936 -0.147617
533 -1.503121 -0.543666
539 -1.509537 -0.350715
681 -1.517892 -0.404134
704 -1.579698 -0.043589
741 -1.515071 -0.456415
776 -1.525380 -0.384646
137 -1.560593 -0.146275
249 -1.507372 -0.480698
281 -1.529695 -0.359374
323 -1.557638 -0.152969
350 -1.511011 -0.400255
164 -1.522835 -0.340928
228 -1.592979 0.003109
262 -1.552943 -0.170226
316 -1.570279 -0.123165
437 -1.611429 0.114359
446 -1.545815 -0.252466
510 -1.589358 -0.024925
559 -1.501925 -0.477870
618 -1.540060 -0.236370
25 -1.527595 -0.333716
135 -1.518935 -0.438536
280 -1.520383 -0.382435
300 -1.546730 -0.262675
397 -1.491044 -0.495225
470 -1.527803 -0.370052
502 -1.544731 -0.213778
521 -1.598751 0.072770
667 -1.520566 -0.337848
131 -1.531951 -0.362519
179 -1.496460 -0.548299
290 -1.549604 -0.230822
303 -1.580610 -0.035368
405 -1.541804 -0.279018
586 -1.561253 -0.123292
620 -1.512737 -0.386080
11 -1.558758 -0.153625
182 -1.572989 -0.097443
236 -1.519199 -0.398239
312 -1.563109 -0.116185
335 -1.589139 -0.016657
370 -1.534726 -0.307801
494 -1.599276 0.043603
661 -1.493948 -0.520760
682 -1.535286 -0.301171
744 -1.503879 -0.527067
90 -1.519923 -0.416340
123 -1.589782 -0.035074
151 -1.563901 -0.132089
155 -1.568238 -0.198386
205 -1.536129 -0.325868
208 -1.552893 -0.301246
221 -1.557785 -0.205801
278 -1.549889 -0.172572
285 -1.527923 -0.306194
343 -1.570802 -0.078790
399 -1.498983 -0.470267
547 -1.502608 -0.477063
588 -1.530982 -0.316670
602 -1.507501 -0.432436
723 -1.565731 -0.190526
769 -1.511601 -0.497879
61 -1.551800 -0.175691
297 -1.528447 -0.298409
464 -1.561894 -0.162457
581 -1.476922 -0.597966
699 -1.526090 -0.318454
762 -1.489349 -0.533639
21 -1.564660 -0.112206
58 -1.506400 -0.518575
138 -1.563940 -0.124351
270 -1.521963 -0.432690
273 -1.555990 -0.136201
333 -1.496253 -0.523690
337 -1.550604 -0.256551
349 -1.568669 -0.080405
387 -1.567698 -0.133719
417 -1.503547 -0.408887
447 -1.590736 0.031132
469 -1.573888 -0.109535
553 -1.578470 -0.109723
683 -1.536797 -0.330940
688 -1.568839 -0.109622
690 -1.546091 -0.268851
721 -1.550389 -0.232756
737 -1.535646 -0.289338
5 -1.531026 -0.384010
104 -1.533735 -0.282677
108 -1.525663 -0.385926
180 -1.525414 -0.458180
213 -1.546924 -0.263467
218 -1.511769 -0.432498
450 -1.553080 -0.235169
459 -1.564090 -0.172367
551 -1.551623 -0.205732
592 -1.596464 -0.032000
686 -1.502057 -0.569342
719 -1.551512 -0.216978
732 -1.491022 -0.543680
29 -1.530183 -0.332104
45 -1.547804 -0.272992
54 -1.592266 -0.011324
109 -1.561225 -0.158113
166 -1.512575 -0.424204
220 -1.579187 -0.092887
234 -1.554283 -0.252066
241 -1.507313 -0.518091
352 -1.546678 -0.325662
394 -1.508074 -0.469129
414 -1.586034 -0.094438
419 -1.534071 -0.314552
594 -1.545343 -0.291576
738 -1.504799 -0.517558
758 -1.541846 -0.297467
759 -1.513695 -0.499023
781 -1.511659 -0.440421
783 -1.594692 -0.033573
7 -1.578236 -0.016257
96 -1.583636 -0.050655
116 -1.539821 -0.206632
153 -1.552057 -0.232236
167 -1.565972 -0.203877
173 -1.619215 0.073446
355 -1.524664 -0.387608
383 -1.520070 -0.468674
476 -1.533861 -0.297856
560 -1.558063 -0.152619
568 -1.512673 -0.441204
645 -1.509835 -0.494197
677 -1.540742 -0.246054
734 -1.587990 0.049696
754 -1.515762 -0.419731
790 -1.566913 -0.251297
28 -1.524293 -0.386558
38 -1.573943 -0.156802
55 -1.511707 -0.411225
56 -1.513590 -0.397102
79 -1.567481 -0.168600
84 -1.557246 -0.175723
141 -1.544775 -0.231892
145 -1.585813 -0.087727
185 -1.566296 -0.181625
196 -1.557560 -0.214505
309 -1.539860 -0.317809
341 -1.586760 -0.041126
353 -1.558791 -0.225771
368 -1.519856 -0.406195
382 -1.487804 -0.516177
391 -1.593500 0.005782
428 -1.534407 -0.326050
582 -1.515943 -0.446891
609 -1.490431 -0.518160
671 -1.557168 -0.174649
673 -1.585909 -0.043190
689 -1.569590 -0.110442
701 -1.536129 -0.268009
749 -1.560898 -0.220644
791 -1.513850 -0.404082
39 -1.503546 -0.572186
44 -1.548399 -0.260998
52 -1.525540 -0.360442
81 -1.558764 -0.193751
607 -1.539558 -0.273355
612 -1.574161 -0.075067
74 -1.480268 -0.572076
103 -1.534294 -0.297210
161 -1.566812 -0.149366
178 -1.516859 -0.430957
193 -1.547212 -0.221031
194 -1.494112 -0.578509
203 -1.515079 -0.453780
246 -1.599009 0.025272
361 -1.557215 -0.147611
373 -1.523362 -0.331176
395 -1.523785 -0.353953
418 -1.580997 -0.087704
451 -1.537459 -0.285527
454 -1.515469 -0.354396
463 -1.525923 -0.358880
466 -1.586205 -0.043433
471 -1.592387 -0.073092
485 -1.502281 -0.571956
499 -1.481912 -0.622473
567 -1.560601 -0.077728
742 -1.569509 -0.136769
748 -1.534751 -0.328771
752 -1.525807 -0.359102
2 -1.544232 -0.178181
18 -1.595290 -0.019595
62 -1.541357 -0.283272
159 -1.514418 -0.469313
223 -1.537306 -0.289311
265 -1.498157 -0.541612
294 -1.527426 -0.391076
375 -1.568800 -0.131918
385 -1.525390 -0.373988
389 -1.542081 -0.254248
410 -1.563582 -0.218134
435 -1.583367 -0.036050
561 -1.580711 -0.051586
628 -1.579843 -0.050097
655 -1.496793 -0.557961
672 -1.494728 -0.541973
678 -1.500785 -0.467479
753 -1.536064 -0.357679
46 -1.610786 0.078885
113 -1.596241 0.045011
149 -1.529482 -0.415202
187 -1.543967 -0.210189
207 -1.581434 -0.062394
235 -1.585809 -0.000663
287 -1.555980 -0.201786
364 -1.538005 -0.205085
371 -1.525687 -0.382575
403 -1.518191 -0.435512
465 -1.545636 -0.315318
496 -1.560879 -0.170304
562 -1.501431 -0.481344
631 -1.521781 -0.377055
691 -1.566548 -0.187881
716 -1.553081 -0.161962
729 -1.500236 -0.464608
773 -1.563421 -0.147830
794 -1.550374 -0.258169
22 -1.607256 0.035297
42 -1.557338 -0.166301
59 -1.507722 -0.438480
76 -1.561928 -0.150701
77 -1.561947 -0.118403
125 -1.498551 -0.489006
139 -1.498741 -0.477689
165 -1.573874 -0.088504
181 -1.479488 -0.619272
227 -1.555678 -0.209350
275 -1.564359 -0.125051
283 -1.508609 -0.451855
291 -1.545351 -0.297861
413 -1.578050 -0.126554
583 -1.500973 -0.479025
590 -1.512743 -0.467576
603 -1.493430 -0.497673
638 -1.542625 -0.246266
653 -1.556522 -0.133646
767 -1.566640 -0.162963
19 -1.588734 -0.031098
51 -1.479816 -0.607298
264 -1.562188 -0.130456
269 -1.571223 -0.076036
277 -1.579962 0.054593
305 -1.587128 -0.012616
308 -1.576950 -0.108260
400 -1.511908 -0.453846
506 -1.597576 0.059319
613 -1.520744 -0.347385
718 -1.484645 -0.531693
761 -1.579573 -0.048336
777 -1.564015 -0.148921
71 -1.589217 -0.052480
80 -1.545095 -0.279205
118 -1.530746 -0.350409
119 -1.552340 -0.290518
120 -1.504123 -0.444189
146 -1.566721 -0.107000
233 -1.528062 -0.314186
298 -1.535520 -0.317009
299 -1.525526 -0.363687
338 -1.513007 -0.502244
415 -1.526034 -0.436822
493 -1.500499 -0.485623
509 -1.477072 -0.608424
530 -1.552124 -0.254737
549 -1.579239 -0.091528
630 -1.497133 -0.484615
697 -1.545732 -0.256011
707 -1.562926 -0.127549
739 -1.541648 -0.320828
782 -1.501230 -0.495424
98 -1.518959 -0.391740
112 -1.490768 -0.529354
148 -1.594364 0.003466
191 -1.505995 -0.422984
217 -1.526127 -0.375106
229 -1.573057 -0.136168
245 -1.593180 0.054759
255 -1.574024 -0.128464
256 -1.575488 -0.130756
266 -1.560016 -0.222845
376 -1.551342 -0.202028
379 -1.573578 -0.064693
449 -1.546902 -0.207037
537 -1.560843 -0.150163
574 -1.548264 -0.294124
642 -1.492840 -0.508407
648 -1.585251 -0.042755
675 -1.547358 -0.266272
774 -1.510166 -0.419109
795 -1.543156 -0.281657
53 -1.523680 -0.358033
143 -1.582799 -0.005442
197 -1.593449 0.008924
212 -1.587402 0.026751
261 -1.547997 -0.230414
310 -1.546613 -0.268091
345 -1.470466 -0.576473
351 -1.528817 -0.271894
362 -1.580914 -0.051857
458 -1.534754 -0.287992
472 -1.556707 -0.169470
486 -1.517676 -0.399648
519 -1.537027 -0.369665
573 -1.567711 -0.103755
576 -1.550133 -0.133220
740 -1.592789 0.005829
760 -1.521722 -0.380542
36 -1.538192 -0.340964
47 -1.591257 -0.001743
75 -1.581386 -0.120622
78 -1.521507 -0.325006
87 -1.541962 -0.280921
95 -1.616537 0.131557
99 -1.513021 -0.367628
156 -1.543365 -0.295284
252 -1.581682 -0.118241
320 -1.514968 -0.515294
348 -1.608700 0.031747
378 -1.501479 -0.447136
433 -1.522996 -0.369568
468 -1.495442 -0.518363
525 -1.542722 -0.341792
570 -1.548461 -0.249542
578 -1.592664 0.003782
615 -1.569928 -0.054349
652 -1.588895 -0.019733
668 -1.556211 -0.158792
692 -1.559896 -0.155700
764 -1.527217 -0.349417
60 -1.514324 -0.458528
72 -1.523667 -0.305584
97 -1.526834 -0.334467
105 -1.601951 0.060453
111 -1.563495 -0.084251
136 -1.490989 -0.546614
142 -1.515415 -0.364174
144 -1.480678 -0.593516
186 -1.549996 -0.213336
206 -1.533084 -0.326655
215 -1.562129 -0.154087
240 -1.544420 -0.185664
317 -1.533087 -0.309256
334 -1.496968 -0.505355
336 -1.515399 -0.440986
347 -1.545613 -0.248950
366 -1.528715 -0.390914
498 -1.547898 -0.290452
534 -1.563714 -0.116819
595 -1.584398 -0.037942
650 -1.570696 -0.155233
666 -1.495783 -0.504379
687 -1.493260 -0.503354
696 -1.551831 -0.222932
702 -1.496217 -0.595092
755 -1.509121 -0.487679
772 -1.581721 -0.065634
17 -1.524821 -0.346202
23 -1.557932 -0.205071
100 -1.554096 -0.189425
101 -1.564841 -0.135079
117 -1.542541 -0.268674
168 -1.602900 0.047457
188 -1.531640 -0.297581
314 -1.516761 -0.401796
331 -1.551914 -0.224022
332 -1.577747 -0.144348
412 -1.540114 -0.341541
430 -1.520814 -0.324403
431 -1.580033 -0.012892
490 -1.570166 -0.039038
589 -1.500510 -0.533436
639 -1.531154 -0.361164
720 -1.545125 -0.287015
756 -1.586163 -0.061737
778 -1.577885 -0.065282
787 -1.588401 0.060922
798 -1.530123 -0.385788
37 -1.572860 -0.054978
63 -1.534251 -0.261406
170 -1.577245 -0.061771
307 -1.549054 -0.172803
356 -1.534132 -0.400653
402 -1.552881 -0.205408
404 -1.530608 -0.373635
409 -1.550704 -0.243215
461 -1.576216 -0.122879
481 -1.581434 -0.017271
536 -1.554205 -0.262429
571 -1.545810 -0.286334
601 -1.511177 -0.486708
685 -1.496451 -0.538190
695 -1.529943 -0.302020
713 -1.523630 -0.387915
714 -1.538618 -0.376868
792 -1.507460 -0.469203
26 -1.542162 -0.164814
40 -1.514093 -0.395571
66 -1.580590 -0.133246
147 -1.506596 -0.466550
339 -1.586691 -0.041883
369 -1.532912 -0.297864
396 -1.525298 -0.395274
491 -1.556862 -0.117414
507 -1.617825 0.108137
513 -1.573700 -0.044660
555 -1.472278 -0.589539
563 -1.522175 -0.333988
598 -1.539051 -0.330731
610 -1.507534 -0.493361
625 -1.555380 -0.200510
640 -1.561808 -0.143705
694 -1.562861 -0.151800
763 -1.512775 -0.430965
20 -1.552865 -0.293930
93 -1.542853 -0.231881
107 -1.510589 -0.457686
129 -1.537707 -0.324240
160 -1.534595 -0.380566
176 -1.580289 -0.087348
209 -1.530868 -0.315706
225 -1.499806 -0.486837
247 -1.531252 -0.324488
475 -1.554190 -0.271341
527 -1.508215 -0.484912
531 -1.558604 -0.121378
546 -1.523824 -0.401508
585 -1.555279 -0.186512
614 -1.483771 -0.635149
627 -1.511355 -0.433688
706 -1.537856 -0.336634
733 -1.498112 -0.441405
735 -1.556951 -0.142576
750 -1.486261 -0.573212
779 -1.554584 -0.205654
797 -1.538105 -0.287184
85 -1.507657 -0.483643
88 -1.531279 -0.394894
134 -1.496177 -0.392212
248 -1.569137 -0.144995
279 -1.519443 -0.402715
301 -1.581980 -0.080276
326 -1.585797 -0.096971
329 -1.529984 -0.457254
365 -1.543429 -0.265308
372 -1.557576 -0.231997
426 -1.530970 -0.303659
508 -1.530148 -0.340057
518 -1.547880 -0.234293
538 -1.614381 0.080202
543 -1.513958 -0.412444
550 -1.500146 -0.555458
657 -1.583693 -0.058168
660 -1.594705 0.066084
746 -1.526986 -0.355483
10 -1.499178 -0.537457
67 -1.501293 -0.514706
86 -1.601838 0.059677
133 -1.521803 -0.384353
199 -1.504689 -0.439467
214 -1.513213 -0.321273
222 -1.562205 -0.187199
271 -1.589448 -0.090616
284 -1.502835 -0.516503
424 -1.519969 -0.405744
425 -1.526450 -0.374509
441 -1.505245 -0.464151
516 -1.512867 -0.468289
663 -1.534415 -0.364437
664 -1.501489 -0.496700
676 -1.543445 -0.312750
730 -1.587268 -0.118834
731 -1.505784 -0.460885
745 -1.585686 0.011196
771 -1.542923 -0.274652
132 -1.525366 -0.388430
158 -1.504298 -0.469965
190 -1.514498 -0.431910
237 -1.549795 -0.251005
244 -1.483791 -0.635038
251 -1.544277 -0.254279
276 -1.528521 -0.374388
358 -1.557722 -0.203157
359 -1.594551 0.022004
380 -1.546135 -0.254571
427 -1.576288 -0.051745
452 -1.527825 -0.293794
484 -1.495583 -0.497891
489 -1.504031 -0.479061
514 -1.517194 -0.354007
635 -1.503770 -0.474934
670 -1.517501 -0.410828
693 -1.536708 -0.299797
722 -1.551340 -0.242606
789 -1.581018 -0.038718
1 -1.486878 -0.562481
14 -1.515132 -0.413453
110 -1.507887 -0.501612
154 -1.588330 0.011806
162 -1.546679 -0.259163
169 -1.525196 -0.320632
200 -1.572035 -0.172745
321 -1.484285 -0.504254
324 -1.594640 -0.038808
500 -1.560608 -0.227053
523 -1.535533 -0.344963
591 -1.519817 -0.425186
599 -1.548713 -0.249657
617 -1.521136 -0.451864
634 -1.570450 -0.156102
644 -1.557695 -0.151133
700 -1.563895 -0.131148
4 -1.594740 -0.030420
35 -1.550239 -0.247565
50 -1.503454 -0.513786
115 -1.523348 -0.349956
122 -1.503875 -0.442356
126 -1.502936 -0.463822
174 -1.525584 -0.470449
230 -1.561884 -0.171044
232 -1.586421 -0.019982
292 -1.549901 -0.206676
293 -1.514222 -0.430094
390 -1.511985 -0.403817
432 -1.500561 -0.525930
532 -1.548710 -0.244863
541 -1.568236 -0.198830
580 -1.590273 -0.007861
662 -1.527397 -0.356714
703 -1.603620 0.044597
747 -1.539356 -0.306133
8 -1.555754 -0.154609
82 -1.572441 -0.133747
128 -1.519780 -0.369267
130 -1.574425 -0.087861
171 -1.518655 -0.403901
183 -1.572266 -0.166263
226 -1.556600 -0.229014
254 -1.515801 -0.368104
282 -1.516288 -0.314601
304 -1.581441 -0.029575
328 -1.533935 -0.364232
467 -1.570464 -0.167114
487 -1.560559 -0.186876
511 -1.527415 -0.440754
542 -1.514115 -0.436881
556 -1.550589 -0.147061
665 -1.582954 -0.039779
788 -1.536986 -0.327871
13 -1.568248 -0.131765
24 -1.556046 -0.213027
31 -1.532571 -0.340870
48 -1.510736 -0.421057
94 -1.518771 -0.476153
440 -1.517678 -0.386693
545 -1.605798 0.066324
579 -1.557159 -0.196264
604 -1.557878 -0.202115
629 -1.560523 -0.157127
649 -1.513931 -0.423716
651 -1.554381 -0.248163
710 -1.561902 -0.085840
724 -1.557409 -0.186954
231 -1.536108 -0.312740
263 -1.509164 -0.437513
319 -1.514669 -0.413788
367 -1.483463 -0.513217
616 -1.522609 -0.391961
623 -1.580720 -0.030855
709 -1.578148 -0.129119
12 -1.516653 -0.419295
15 -1.578890 -0.134618
195 -1.562659 -0.209191
250 -1.511941 -0.456761
288 -1.539965 -0.216473
439 -1.570457 0.009072
443 -1.553056 -0.213652
480 -1.570118 -0.100562
626 -1.535807 -0.322549
632 -1.525048 -0.420426
641 -1.528151 -0.329905
726 -1.513651 -0.314338
775 -1.495475 -0.550092
785 -1.517906 -0.376916
786 -1.556274 -0.174938
253 -1.555220 -0.153475
322 -1.483040 -0.606770
340 -1.597527 -0.014732
515 -1.552981 -0.194779
535 -1.561427 -0.197376
544 -1.586311 -0.019382
711 -1.493230 -0.530069
784 -1.550228 -0.207994
68 -1.579229 -0.124674
238 -1.500237 -0.526424
342 -1.541582 -0.195245
357 -1.496946 -0.524958
363 -1.496283 -0.510970
377 -1.497054 -0.463151
388 -1.601030 -0.004780
423 -1.555073 -0.239693
624 -1.530933 -0.330948
680 -1.592178 -0.048046
757 -1.529918 -0.357489
289 -1.535141 -0.329566
360 -1.581562 -0.109216
416 -1.598907 0.038277
488 -1.579457 -0.046308
548 -1.528378 -0.376443
577 -1.507076 -0.510395
656 -1.571723 -0.216773
73 -1.583297 -0.039537
91 -1.581470 -0.126075
239 -1.538486 -0.303481
242 -1.580953 -0.045982
257 -1.565165 -0.191636
456 -1.536492 -0.327860
504 -1.512975 -0.468716
526 -1.509246 -0.468865
684 -1.574420 -0.114138
712 -1.579660 -0.014390
736 -1.491980 -0.589319
768 -1.574510 -0.147739
102 -1.523266 -0.418694
121 -1.568990 -0.046953
198 -1.591086 -0.038617
259 -1.528927 -0.394135
267 -1.568438 -0.157011
330 -1.497511 -0.533793
505 -1.507202 -0.519312
520 -1.547934 -0.340895
619 -1.559582 -0.134858
637 -1.584579 -0.059504
124 -1.501454 -0.451418
344 -1.584736 -0.058969
346 -1.526921 -0.352513
374 -1.505744 -0.450380
386 -1.513099 -0.471491
584 -1.584246 -0.103347
717 -1.579000 -0.090268
799 -1.529492 -0.298392
127 -1.513002 -0.465726
163 -1.529826 -0.407589
175 -1.500584 -0.532762
406 -1.532528 -0.287444
421 -1.530734 -0.332938
422 -1.572030 -0.163870
462 -1.568377 -0.167691
679 -1.563486 -0.114534
708 -1.541373 -0.290169
0 -1.572626 -0.103261
43 -1.503629 -0.495082
204 -1.522449 -0.380323
272 -1.491844 -0.461161
354 -1.531050 -0.318933
438 -1.537840 -0.183104
698 -1.576560 -0.088392
69 -1.598201 -0.023343
302 -1.510554 -0.464693
474 -1.591362 -0.108896
478 -1.593896 -0.032142
565 -1.470537 -0.573291
70 -1.522789 -0.343745
497 -1.506997 -0.460752
636 -1.569618 -0.168384
765 -1.553884 -0.206940
30 -1.598831 -0.021496
177 -1.511426 -0.562516
211 -1.603548 0.046111
540 -1.575384 -0.113132
597 -1.556202 -0.212990
669 -1.482451 -0.605273
381 -1.511228 -0.449474
392 -1.540600 -0.390561
434 -1.556163 -0.185902
444 -1.516541 -0.460689
483 -1.554380 -0.186181
608 -1.509078 -0.550498
727 -1.577911 -0.046798
192 -1.563474 -0.230622
172 -1.561844 -0.152187
512 -1.527912 -0.428598
524 -1.522864 -0.358171
596 -1.540173 -0.294499
27 -1.558396 -0.260479
114 -1.577680 -0.098973
398 -1.555071 -0.237321
420 -1.577084 -0.106505
552 -1.517047 -0.439316
189 -1.563068 -0.207404
442 -1.564794 -0.208268
557 -1.516700 -0.391956
647 -1.489325 -0.549654
793 -1.573512 -0.064047
311 -1.557929 -0.228995
503 -1.542572 -0.345070
522 -1.506122 -0.477639
558 -1.551346 -0.310695
575 -1.576434 -0.045079
295 -1.577937 -0.111895
65 -1.521729 -0.411131
477 -1.580831 -0.076297
106 -1.572739 -0.076625
445 -1.524453 -0.402801
725 -1.494701 -0.516244
201 -1.513269 -0.395737
572 -1.571763 -0.063139
219 -1.520614 -0.386363
325 -1.569710 -0.121577
606 -1.484456 -0.534366
408 -1.569858 -0.083857
393 -1.559699 -0.187247
