34 2
1 -1.056378 1.760699
2 -1.164436 1.580400
3 -0.864414 0.477595
4 -1.143646 1.560807
5 -1.611116 2.928630
6 -1.670251 3.315497
7 -1.513207 3.092666
8 -1.193841 1.465938
9 -0.803958 -0.466862
10 -1.254539 -1.060645
11 -1.344554 2.755880
12 -1.137678 1.394864
13 -1.005858 1.811501
14 -0.735684 0.741778
15 -1.069444 -2.594212
16 -0.870425 -2.458820
17 -1.661763 3.572105
18 -1.568770 1.700569
19 -0.879396 -2.405312
20 -0.737861 0.418231
21 -0.891487 -2.547724
22 -1.179046 1.690863
23 -0.994602 -2.534341
24 -1.061090 -2.982245
25 -0.488521 -1.877856
26 -0.910525 -2.672111
27 -1.110912 -3.129514
28 -0.619841 -1.563841
29 -0.873894 -0.758976
30 -0.914545 -2.973927
31 -1.054479 -0.972382
32 -0.549137 -1.724182
33 -0.468946 -1.762599
34 -0.334202 -1.933933
