34 2
1 -0.939171 0.960371
2 -0.984693 0.504230
3 -0.700644 -0.362754
4 -0.969468 0.674095
5 -1.580475 2.638647
6 -1.694216 3.197831
7 -1.609967 2.685014
8 -1.075499 0.891786
9 -0.874999 -0.617259
10 -0.817421 -1.401711
11 -1.687004 2.543558
12 -1.266288 1.256777
13 -1.327678 1.239975
14 -0.990221 0.396119
15 -0.791832 -2.442520
16 -1.149589 -2.339110
17 -2.015308 3.396049
18 -1.295248 1.597709
19 -0.729923 -2.571190
20 -0.834727 0.086155
21 -0.947953 -2.352978
22 -1.176576 0.765885
23 -0.980811 -2.630747
24 -0.626985 -3.418148
25 -0.854536 -2.152107
26 -0.984407 -2.701089
27 -0.939178 -2.374858
28 -0.720037 -2.246133
29 -0.840526 -1.306162
30 -0.922622 -2.738264
31 -0.608716 -0.689935
32 -0.656505 -1.647441
33 -0.698565 -2.599600
34 -0.538019 -2.090321
