34 2
1 -1.139343 1.542820
2 -1.189082 1.022981
3 -0.840898 -0.419422
4 -1.003582 0.942728
5 -1.927377 2.347747
6 -1.718289 2.875069
7 -1.829893 2.660407
8 -1.244587 0.791346
9 -0.684927 -0.703025
10 -0.962421 -1.199775
11 -1.571906 2.286845
12 -1.748259 1.229703
13 -1.669883 1.419231
14 -1.373256 0.321426
15 -1.011459 -1.912332
16 -0.960926 -2.482648
17 -2.082425 3.047888
18 -1.615401 1.599301
19 -0.964621 -2.217267
20 -1.110527 0.402360
21 -0.836906 -2.209877
22 -1.487700 0.960798
23 -0.992498 -2.473032
24 -0.618180 -2.553152
25 -0.757012 -2.364825
26 -0.559836 -2.602648
27 -0.838608 -2.530033
28 -0.769789 -2.245888
29 -1.016987 -1.550219
30 -1.026613 -2.854726
31 -1.011634 -0.562445
32 -0.909059 -1.769297
33 -0.676477 -1.953170
34 -0.770796 -1.815153
