34 2
1 -1.897285 1.701489
2 -1.528558 0.882799
3 -1.124421 -0.590938
4 -1.865019 0.937128
5 -2.602593 2.577632
6 -2.695458 2.407328
7 -2.600798 2.293473
8 -1.813731 0.573151
9 -1.329879 -1.214433
10 -1.350282 -1.461543
11 -2.281995 2.122375
12 -1.700028 0.124919
13 -2.218473 0.644603
14 -1.598564 0.276454
15 -1.384584 -1.494929
16 -1.603157 -0.941105
17 -1.936550 1.697085
18 -2.110689 0.921936
19 -1.635889 -1.541590
20 -1.649789 0.021233
21 -1.352162 -1.052805
22 -1.824449 0.806765
23 -1.209325 -1.575253
24 -1.282832 -2.315136
25 -0.994796 -2.179373
26 -0.923897 -1.859676
27 -1.571353 -1.468663
28 -1.149182 -1.681586
29 -1.649336 -1.369746
30 -1.588023 -2.009676
31 -1.679048 -1.493313
32 -1.057427 -1.792254
33 -1.022565 -2.457140
34 -0.785204 -1.935145
