34 2
1 -1.062522 1.428398
2 -0.781220 0.349936
3 -0.923826 -0.015133
4 -1.179191 0.505663
5 -1.639532 2.545882
6 -1.247482 3.126770
7 -1.752706 2.766513
8 -1.347699 0.846590
9 -1.141665 -0.736991
10 -0.989078 -1.489688
11 -1.392117 2.760140
12 -1.510079 1.397074
13 -1.319856 1.216024
14 -1.215398 0.334812
15 -1.119959 -2.476598
16 -0.758789 -2.336145
17 -1.791630 3.614115
18 -1.306400 1.575400
19 -0.730167 -2.454329
20 -1.076360 0.281192
21 -0.927073 -2.586846
22 -1.319018 0.755897
23 -0.456768 -2.587803
24 -0.535507 -3.088532
25 -0.855839 -2.296307
26 -0.813995 -2.692688
27 -0.784212 -2.613074
28 -0.742049 -2.148284
29 -0.978388 -1.297395
30 -0.618335 -2.608531
31 -1.010495 -1.131845
32 -0.858944 -1.865111
33 -0.776627 -2.734012
34 -0.494063 -1.926471
