34 2
1 -1.101251 1.788075
2 -0.953522 1.031700
3 -1.071958 0.226893
4 -1.220038 1.284785
5 -1.336430 2.610275
6 -1.404017 3.218917
7 -1.497273 3.356366
8 -1.150945 1.330703
9 -0.782660 -0.470972
10 -0.789750 -1.129111
11 -1.566404 2.448114
12 -1.610501 1.196323
13 -1.574870 1.699849
14 -0.844474 0.533506
15 -0.944241 -2.542577
16 -0.765108 -2.634757
17 -1.597361 3.549996
18 -1.258134 1.683729
19 -0.758008 -2.321300
20 -1.150088 0.487106
21 -0.761594 -2.496068
22 -1.354353 1.474462
23 -0.814556 -2.668281
24 -0.809004 -2.829421
25 -0.762816 -2.056343
26 -0.598398 -2.475192
27 -0.918431 -3.079858
28 -0.658045 -1.501974
29 -0.697502 -0.973573
30 -0.659102 -3.314065
31 -1.047511 -0.873905
32 -0.796303 -1.511072
33 -0.733718 -1.831457
34 -0.582611 -1.799799
