34 2
1 -1.100299 2.574785
2 -0.937117 1.791674
3 -0.765934 0.371905
4 -0.679808 2.234499
5 -1.445690 3.456470
6 -1.047551 3.568872
7 -1.360417 3.719043
8 -1.331939 1.399784
9 -0.730141 0.237541
10 -0.694551 -0.950422
11 -1.354121 2.977687
12 -1.381340 1.641302
13 -1.236983 2.274946
14 -1.154593 1.186719
15 -1.167346 -2.313940
16 -0.999519 -2.223054
17 -1.241176 3.784415
18 -1.050374 2.183477
19 -0.647678 -2.269209
20 -1.171836 0.805914
21 -1.128377 -2.408199
22 -1.146313 2.123727
23 -1.111356 -2.475667
24 -0.696946 -2.208777
25 -0.866246 -1.852656
26 -0.946716 -2.552040
27 -1.031999 -2.363035
28 -1.027132 -1.819859
29 -1.019412 -0.881682
30 -0.851118 -2.488513
31 -1.003012 -0.279387
32 -0.716309 -1.041856
33 -0.567897 -2.089558
34 -0.583756 -1.260972
