34 2
1 -0.961995 1.157278
2 -0.775405 0.404806
3 -1.023212 -0.057369
4 -1.202718 0.512451
5 -1.525336 2.708309
6 -1.523236 3.013390
7 -1.795754 2.816039
8 -1.178843 0.921026
9 -0.787189 -0.659054
10 -0.945850 -1.461231
11 -1.647159 2.710609
12 -1.322397 1.462446
13 -1.328284 1.193164
14 -1.182449 0.171465
15 -1.074458 -2.487920
16 -0.811198 -2.261963
17 -2.335908 3.363029
18 -1.211060 1.585651
19 -0.978901 -2.504998
20 -1.124638 0.246423
21 -0.972521 -2.471272
22 -1.320511 0.731151
23 -0.847693 -2.624864
24 -0.847422 -3.201626
25 -0.475894 -2.229217
26 -0.711121 -2.648919
27 -1.103918 -2.529792
28 -0.808280 -2.092646
29 -0.888749 -1.310274
30 -0.612516 -2.623284
31 -0.723551 -0.884040
32 -0.807247 -1.708032
33 -0.649573 -2.419276
34 -0.664675 -1.754262
