34 2
1 -1.271985 1.424282
2 -1.309232 1.212842
3 -0.976590 0.173962
4 -1.227307 1.087448
5 -1.616259 2.504890
6 -1.743008 2.910870
7 -1.904786 2.591147
8 -1.232383 0.849748
9 -0.899488 -0.562388
10 -1.146092 -1.417687
11 -1.944884 2.756965
12 -1.249112 1.425285
13 -1.310436 1.379750
14 -1.130572 0.624157
15 -1.158587 -2.342567
16 -0.821884 -2.540346
17 -1.977684 3.418112
18 -1.618604 1.711952
19 -0.841735 -2.309712
20 -1.058551 0.376501
21 -0.739124 -2.325492
22 -1.478366 1.483634
23 -0.776484 -2.679721
24 -0.724048 -2.810824
25 -0.925728 -2.264490
26 -0.590210 -2.880664
27 -0.740793 -2.918191
28 -0.643276 -2.010529
29 -0.728009 -1.273111
30 -0.725270 -2.906438
31 -0.611943 -1.023736
32 -0.630312 -1.900821
33 -0.373213 -2.144294
34 -0.406239 -1.808087
