34 2
1 -1.323348 1.207503
2 -1.302022 0.643600
3 -0.768871 -0.346830
4 -0.898885 0.875347
5 -1.621176 2.580336
6 -1.933758 3.156417
7 -1.451173 2.596927
8 -1.215552 0.624740
9 -1.032796 -0.560161
10 -1.051929 -1.565530
11 -1.613656 2.559386
12 -1.418261 1.282590
13 -1.265966 1.177139
14 -0.857242 0.620139
15 -1.049110 -2.417734
16 -1.034598 -2.343702
17 -2.010276 3.344146
18 -1.510078 1.721855
19 -0.992381 -2.578516
20 -0.779482 0.236018
21 -0.922182 -2.184882
22 -1.399045 0.857088
23 -1.116548 -2.628349
24 -0.882307 -3.233166
25 -0.815331 -2.429233
26 -1.033383 -2.763915
27 -0.953013 -2.505737
28 -1.168561 -2.177837
29 -0.740506 -1.530038
30 -1.003051 -2.928501
31 -1.026254 -0.692061
32 -0.501586 -1.926401
33 -0.778615 -2.480195
34 -0.550197 -2.138100
