34 2
1 -0.868927 2.381046
2 -0.721064 1.667266
3 -0.888315 0.708985
4 -0.827373 2.041787
5 -1.337115 3.624286
6 -1.145639 3.637622
7 -1.211580 4.007576
8 -1.010610 1.758775
9 -0.917099 -0.101218
10 -0.685785 -1.099521
11 -1.207800 3.081274
12 -1.299197 1.700053
13 -1.148604 2.468039
14 -0.956975 0.951766
15 -1.364893 -2.674086
16 -0.990601 -1.847278
17 -1.074252 3.761809
18 -1.040125 2.320293
19 -1.057863 -2.076961
20 -0.763661 1.089650
21 -1.308462 -2.190650
22 -1.242167 2.347105
23 -1.251420 -2.314531
24 -1.128099 -2.461840
25 -0.961944 -1.454336
26 -1.034967 -2.451842
27 -1.042656 -2.235214
28 -1.024231 -1.445539
29 -0.647304 -0.787056
30 -1.107551 -2.132512
31 -0.976483 -0.281229
32 -1.049990 -0.942354
33 -0.891216 -1.575412
34 -0.523498 -1.385800
