34 2
1 -0.908239 1.089548
2 -1.086391 0.485226
3 -0.894684 -0.252628
4 -1.301949 0.680571
5 -1.766481 2.578057
6 -1.788230 3.165301
7 -1.469214 2.700902
8 -1.394253 0.592690
9 -0.730672 -0.718317
10 -1.161488 -1.349625
11 -1.612529 2.672178
12 -1.650480 1.218921
13 -1.300824 1.291354
14 -1.139371 0.256862
15 -0.814619 -2.444175
16 -0.842827 -2.427547
17 -1.963377 3.300997
18 -1.503043 1.765803
19 -1.083416 -2.370897
20 -1.086321 0.353911
21 -0.906695 -2.193341
22 -1.293670 0.862641
23 -0.981817 -2.484390
24 -0.769788 -3.065271
25 -0.871465 -2.475690
26 -0.888072 -2.778089
27 -0.884929 -2.521523
28 -0.779993 -2.050375
29 -0.999697 -1.627921
30 -0.862244 -2.881354
31 -0.794427 -0.644456
32 -0.581383 -2.071369
33 -0.980371 -2.018555
34 -0.497661 -1.733599
