34 2
1 -1.392983 1.201339
2 -1.243641 0.913292
3 -1.007720 -0.185189
4 -1.559654 0.892090
5 -1.279616 2.252001
6 -1.484879 3.014504
7 -1.629741 2.676172
8 -1.145747 0.945822
9 -1.135885 -1.031983
10 -0.875130 -1.152604
11 -1.551761 2.140060
12 -1.755904 1.092402
13 -1.705567 1.512679
14 -1.337591 0.209800
15 -1.291598 -2.093292
16 -0.827539 -2.332686
17 -1.947521 2.757490
18 -1.666195 1.628069
19 -0.886560 -2.208220
20 -1.322369 0.322234
21 -1.006923 -2.381862
22 -1.665310 0.870660
23 -1.102895 -2.400832
24 -0.777410 -2.671792
25 -0.760912 -2.283705
26 -0.542533 -2.613810
27 -0.751946 -2.604658
28 -0.645044 -2.267961
29 -0.927158 -1.282675
30 -0.785620 -3.009941
31 -1.035270 -0.685514
32 -0.928666 -1.508551
33 -0.782115 -2.522008
34 -0.770257 -2.027496
