34 2
1 -1.190604 1.117481
2 -0.895098 0.667748
3 -0.848124 -0.303686
4 -1.557004 0.751938
5 -1.778400 2.253350
6 -1.753760 2.866705
7 -1.599764 2.672853
8 -1.371077 0.786070
9 -0.886054 -0.670248
10 -0.740958 -1.198515
11 -1.488846 2.404225
12 -1.574721 1.197703
13 -1.507973 1.308049
14 -1.364349 0.378307
15 -1.034413 -1.956174
16 -1.136628 -2.545760
17 -1.917423 3.222317
18 -1.523407 1.721870
19 -0.621188 -2.313333
20 -1.184085 0.340041
21 -0.994729 -2.213948
22 -1.373067 0.931291
23 -1.104648 -2.516546
24 -0.951446 -2.643177
25 -0.759114 -2.425129
26 -0.848279 -2.714341
27 -0.940069 -2.586827
28 -0.757790 -1.927375
29 -1.029902 -1.379236
30 -0.607133 -3.001243
31 -0.990405 -0.464906
32 -0.778642 -2.026454
33 -0.826354 -1.867109
34 -0.577062 -1.582529
