34 2
1 -1.140658 1.693023
2 -1.154756 1.129953
3 -1.004390 0.397487
4 -1.167889 1.403184
5 -1.272447 2.733758
6 -1.420948 3.252944
7 -1.475764 3.256726
8 -1.340885 1.336317
9 -0.838186 -0.351794
10 -1.092786 -1.038766
11 -1.530444 2.546985
12 -1.291559 1.360969
13 -1.103628 1.893155
14 -0.954303 0.617504
15 -0.747322 -2.483850
16 -0.776653 -2.399444
17 -1.747882 3.538661
18 -1.311817 1.699430
19 -1.104824 -2.594791
20 -0.991061 0.418813
21 -0.854463 -2.518919
22 -1.221860 1.527933
23 -0.874912 -2.527564
24 -0.559834 -3.138246
25 -0.767706 -1.929677
26 -0.853222 -2.636904
27 -0.894103 -3.195415
28 -0.963735 -1.608640
29 -0.660979 -0.742144
30 -0.780278 -3.341951
31 -0.761680 -0.953546
32 -0.552485 -1.745580
33 -0.649504 -1.983517
34 -0.661614 -1.426294
