34 2
1 -1.364927 1.296964
2 -1.454000 0.419627
3 -1.101287 -0.067211
4 -1.351230 0.811054
5 -2.290124 2.781196
6 -1.957335 2.814600
7 -1.884429 2.517694
8 -1.590017 0.925705
9 -1.396328 -0.631714
10 -1.002384 -0.974315
11 -1.943733 2.557591
12 -1.723076 0.970226
13 -1.388780 1.262167
14 -1.294800 0.219222
15 -1.120995 -1.994290
16 -1.154441 -2.003527
17 -2.092677 2.692358
18 -1.490086 1.422297
19 -1.456278 -2.172231
20 -1.448554 0.507648
21 -1.130644 -1.765310
22 -1.396273 0.922380
23 -0.933358 -1.740895
24 -0.893125 -2.701480
25 -1.002330 -1.843653
26 -0.866219 -2.421867
27 -1.028865 -2.011229
28 -0.792666 -1.970231
29 -0.992535 -1.158771
30 -0.815221 -2.757349
31 -1.064432 -1.104698
32 -0.846909 -1.513491
33 -0.805107 -2.092041
34 -0.735780 -1.850034
