34 2
1 -1.137311 1.911008
2 -0.967541 1.198428
3 -0.837521 0.000419
4 -0.963395 1.161514
5 -1.605979 2.457316
6 -1.641995 2.914392
7 -1.542291 3.228585
8 -1.116982 0.969945
9 -0.980326 -0.894098
10 -1.026942 -1.377093
11 -1.806088 2.881253
12 -1.245846 1.418150
13 -1.327869 1.450430
14 -1.172764 0.687893
15 -1.130157 -2.369330
16 -1.167590 -2.812690
17 -1.899585 3.565894
18 -1.500433 1.810880
19 -0.778601 -2.376884
20 -1.167574 0.414701
21 -0.777721 -2.383772
22 -1.423183 1.538563
23 -0.816353 -2.762381
24 -0.862578 -3.049502
25 -0.460850 -2.236351
26 -0.519510 -2.833104
27 -0.702588 -3.040027
28 -0.771171 -2.000913
29 -0.867550 -1.110071
30 -0.871148 -3.082831
31 -1.081897 -1.039346
32 -0.588713 -1.853542
33 -0.583167 -2.339090
34 -0.755088 -2.121690
