34 2
1 -1.057025 1.078040
2 -1.174492 0.764483
3 -1.005750 -0.133640
4 -1.127911 0.907118
5 -2.105663 2.573303
6 -2.038232 2.803694
7 -1.973045 2.691225
8 -1.373735 1.084265
9 -1.063063 -0.619638
10 -1.135475 -1.169002
11 -2.121058 2.144501
12 -1.598918 0.894194
13 -1.166891 1.408181
14 -1.273164 0.219170
15 -1.146420 -1.942919
16 -1.184158 -2.077905
17 -2.333039 2.663152
18 -1.580596 1.600310
19 -0.891187 -2.017424
20 -1.516688 0.632549
21 -1.019502 -1.895382
22 -1.606317 1.048959
23 -0.904853 -1.892783
24 -1.054239 -2.771213
25 -0.880707 -2.151850
26 -0.939566 -2.631597
27 -1.243380 -2.084621
28 -0.531762 -2.056045
29 -0.545668 -1.351477
30 -0.801100 -2.744726
31 -0.993699 -0.947421
32 -0.821320 -1.649757
33 -0.664975 -1.988052
34 -0.579834 -1.467167
