34 2
1 -1.048543 2.569956
2 -0.958906 1.391675
3 -0.900052 0.367413
4 -1.071988 1.744570
5 -1.274758 3.245022
6 -1.248374 3.482501
7 -1.191849 3.809695
8 -1.048402 1.417147
9 -0.706106 0.154778
10 -0.803989 -1.040342
11 -1.334501 3.015984
12 -1.073471 1.619594
13 -1.241360 2.089424
14 -0.963347 0.827106
15 -1.021684 -2.346035
16 -1.192744 -2.430371
17 -1.449326 3.845960
18 -1.341195 2.186633
19 -0.838069 -2.373909
20 -1.379516 0.713478
21 -0.919216 -2.515259
22 -1.186874 2.081509
23 -1.098310 -2.544018
24 -0.456999 -2.543383
25 -0.813026 -1.870677
26 -0.270927 -2.353323
27 -0.630591 -2.269415
28 -0.684027 -1.450241
29 -0.990472 -0.497204
30 -0.768337 -2.495315
31 -0.676191 -0.463501
32 -0.767958 -0.863098
33 -0.869044 -2.060983
34 -0.465749 -1.278429
