34 2
1 -1.206739 1.656068
2 -1.063407 0.524267
3 -0.846569 -0.034868
4 -1.045083 0.636918
5 -1.665235 2.885330
6 -2.006194 3.206731
7 -1.657685 2.768248
8 -1.372537 0.911491
9 -0.734390 -0.364026
10 -0.749337 -1.423813
11 -1.562760 2.675427
12 -1.276084 1.521778
13 -1.180633 1.309972
14 -1.070259 0.208484
15 -1.049526 -2.554892
16 -0.981273 -2.202044
17 -2.119441 3.509881
18 -1.383105 1.465407
19 -0.618158 -2.426147
20 -0.831883 0.209051
21 -0.903246 -2.369351
22 -1.119060 0.727343
23 -0.847317 -2.520806
24 -0.545346 -3.314037
25 -0.699067 -2.090940
26 -0.689278 -2.545357
27 -0.933020 -2.411741
28 -0.532263 -2.155726
29 -0.451117 -1.261234
30 -0.939979 -2.620095
31 -0.736653 -0.645223
32 -0.659360 -1.585358
33 -0.663288 -2.275063
34 -0.525064 -1.758700
