34 2
1 -1.372929 1.799115
2 -1.439432 0.445433
3 -1.272400 0.284722
4 -1.605094 1.025038
5 -2.242626 3.018322
6 -2.189057 3.078470
7 -2.117657 2.658795
8 -1.258882 1.006644
9 -1.013475 -0.420634
10 -1.258530 -1.148513
11 -1.890780 2.606763
12 -1.592026 0.826929
13 -1.673612 1.145692
14 -1.494608 0.274945
15 -1.458991 -1.990207
16 -1.185485 -1.979377
17 -1.958249 2.576718
18 -1.796971 1.538877
19 -1.239825 -1.858632
20 -1.581185 0.513310
21 -1.366601 -1.669589
22 -1.771521 0.934117
23 -1.124364 -1.647147
24 -0.781065 -2.462806
25 -0.793138 -1.694325
26 -0.789049 -2.035946
27 -1.101437 -2.098639
28 -0.933908 -1.787072
29 -1.342470 -0.964197
30 -0.794418 -2.881449
31 -1.194491 -1.293101
32 -0.890337 -1.035259
33 -0.589758 -2.043074
34 -0.721012 -1.816925
