34 2
1 -1.165919 1.754310
2 -1.321518 1.411883
3 -0.862486 0.486953
4 -1.165344 1.761093
5 -1.498592 2.893747
6 -1.383252 3.348516
7 -1.436259 3.267092
8 -1.532278 1.402699
9 -0.861821 -0.199810
10 -0.959648 -1.004736
11 -1.682158 2.922568
12 -1.171669 1.434369
13 -1.374812 1.627167
14 -1.226299 1.025081
15 -0.969553 -2.554202
16 -0.992738 -2.363491
17 -1.713676 3.638181
18 -1.120221 1.726131
19 -1.218187 -2.429463
20 -0.907831 0.682425
21 -1.089225 -2.573060
22 -1.374242 1.646347
23 -0.766999 -2.641478
24 -0.619492 -2.629214
25 -0.919419 -2.121267
26 -1.171427 -2.523874
27 -0.587302 -2.486338
28 -0.980202 -1.696779
29 -0.865776 -0.490545
30 -0.954752 -2.533188
31 -0.689923 -0.852450
32 -0.840171 -1.541045
33 -0.556366 -1.439135
34 -0.476605 -1.540341
