34 2
1 -1.034293 1.584555
2 -1.143757 0.682766
3 -1.095232 0.121550
4 -1.048718 0.955165
5 -1.342159 2.453808
6 -1.417940 3.048344
7 -1.435922 2.788933
8 -1.232094 0.788005
9 -0.888413 -0.465236
10 -1.120213 -1.473677
11 -1.613310 2.920890
12 -1.591691 1.396052
13 -1.548466 1.332339
14 -0.950913 0.558513
15 -0.680734 -2.424795
16 -0.894564 -2.396194
17 -1.842298 3.517703
18 -1.231742 1.612082
19 -0.817550 -2.266156
20 -1.191766 0.177293
21 -0.731105 -2.426042
22 -1.699918 1.034125
23 -0.707591 -2.700210
24 -0.645366 -2.896149
25 -0.689113 -2.290752
26 -0.549538 -2.850749
27 -0.863569 -2.879371
28 -0.801429 -2.024658
29 -0.979135 -1.273341
30 -0.856875 -2.881227
31 -0.802324 -1.252457
32 -0.644353 -1.966438
33 -0.588644 -2.342518
34 -0.436164 -1.866599
