34 2
1 -0.032003 -0.237037
2 0.025399 0.104074
3 0.233515 0.023616
4 -0.139003 0.185366
5 0.196430 -0.084010
6 -0.211846 0.139959
7 0.186715 0.234270
8 -0.244813 0.000937
9 0.135660 -0.239624
10 -0.159865 -0.240262
11 -0.172919 0.120025
12 0.138851 -0.131229
13 0.006972 0.136583
14 0.174409 -0.160552
15 -0.138354 0.011582
16 -0.102667 0.015293
17 0.075187 0.002727
18 -0.201233 0.130625
19 0.044065 0.198857
20 -0.225638 -0.105445
21 -0.145770 -0.009159
22 0.008649 0.223481
23 0.230009 0.099756
24 0.185062 0.041138
25 -0.096033 0.009696
26 -0.037139 0.157292
27 0.114507 0.030620
28 0.181880 -0.107547
29 0.072072 -0.059626
30 -0.106973 0.229053
31 0.179445 -0.063644
32 -0.125745 -0.025012
33 -0.230719 0.140050
34 -0.020973 -0.095825
