34 2
1 -1.125279 1.311970
2 -1.172249 0.879514
3 -1.197947 0.312722
4 -0.986003 1.131083
5 -1.173895 2.545099
6 -1.496534 3.054172
7 -1.546040 3.289331
8 -1.156837 1.070174
9 -0.967125 -0.558824
10 -0.706851 -1.257206
11 -1.332519 2.560431
12 -1.473063 1.206958
13 -1.616288 1.588265
14 -1.179202 0.601531
15 -0.944300 -2.665047
16 -0.830121 -2.728050
17 -1.406435 3.455964
18 -1.176043 1.594421
19 -0.938213 -2.321811
20 -1.146472 0.434258
21 -0.726964 -2.404916
22 -1.448411 1.607658
23 -0.770945 -2.633472
24 -0.596756 -3.220278
25 -0.632579 -2.088355
26 -0.868884 -2.588102
27 -0.812507 -3.042329
28 -0.697510 -1.753356
29 -0.892559 -0.969946
30 -0.691937 -3.131913
31 -1.125864 -0.886430
32 -0.710911 -1.542774
33 -0.515833 -1.669681
34 -0.655891 -1.859121
