34 2
1 -0.902173 1.581698
2 -1.272063 1.400085
3 -0.919641 0.138099
4 -1.075807 1.608913
5 -1.427673 2.937718
6 -1.295598 3.460928
7 -1.596582 3.200346
8 -1.219933 1.245982
9 -1.120494 -0.360786
10 -0.892165 -1.098297
11 -1.497656 2.875784
12 -1.082500 1.434995
13 -1.364122 1.513183
14 -1.192215 0.891312
15 -0.985139 -2.584820
16 -1.032508 -2.459428
17 -1.721682 3.680754
18 -1.195353 1.603263
19 -0.974111 -2.402807
20 -0.935416 0.534932
21 -1.076674 -2.671009
22 -1.216685 1.721478
23 -1.072513 -2.469616
24 -0.686219 -2.587710
25 -0.800294 -2.207821
26 -0.665826 -2.499549
27 -1.305373 -2.960527
28 -0.938989 -1.441680
29 -1.081760 -0.468828
30 -0.707823 -2.699133
31 -1.035419 -1.135667
32 -0.765115 -1.745829
33 -0.820103 -1.874062
34 -0.655026 -1.862918
