34 2
1 -2.260351 1.276093
2 -1.688164 0.320019
3 -1.492424 -0.958375
4 -1.799582 0.468031
5 -2.519413 2.229482
6 -2.512528 2.150698
7 -2.599939 2.483741
8 -1.969669 -0.372389
9 -1.839587 -0.800616
10 -1.448470 -1.002404
11 -2.222179 2.030191
12 -1.818185 -0.176993
13 -1.977591 0.175272
14 -1.899070 -0.586902
15 -1.639881 -0.845965
16 -1.383425 -0.597772
17 -2.031442 1.329216
18 -2.044604 0.197924
19 -1.909684 -0.987141
20 -1.689017 -0.137736
21 -1.563554 -0.514514
22 -2.289076 0.290114
23 -1.322147 -0.988965
24 -1.462212 -1.728984
25 -1.390751 -1.107203
26 -1.572880 -0.967641
27 -1.086760 -0.809684
28 -1.373975 -1.327420
29 -1.581503 -1.002707
30 -1.611348 -1.578264
31 -1.666743 -1.109857
32 -1.480314 -1.237908
33 -1.265546 -2.584702
34 -1.193726 -2.536136
