34 2
1 -1.010413 2.036566
2 -0.780599 1.299863
3 -0.900078 0.483461
4 -1.070799 1.605435
5 -1.548652 2.985023
6 -1.258773 3.505690
7 -1.455307 3.641685
8 -1.189999 1.429023
9 -0.988131 -0.030415
10 -1.011314 -1.031293
11 -1.367369 2.874235
12 -1.021221 1.491642
13 -1.025533 1.950636
14 -1.344096 1.019795
15 -0.845582 -2.442547
16 -1.109855 -2.396460
17 -1.765110 3.776285
18 -1.088601 2.146821
19 -1.015607 -2.194549
20 -0.748800 0.577581
21 -0.905843 -2.426641
22 -1.469505 1.924125
23 -1.282034 -2.557764
24 -0.782783 -2.456104
25 -0.850414 -1.901181
26 -0.562119 -2.471997
27 -0.705067 -2.401145
28 -0.727237 -1.696800
29 -0.702166 -0.472180
30 -0.880383 -2.422045
31 -0.797814 -0.391020
32 -1.071040 -1.312095
33 -0.543129 -1.653749
34 -0.904996 -1.312624
