34 2
1 -1.203380 1.544426
2 -1.340075 1.001701
3 -1.189179 -0.104386
4 -1.690729 1.014821
5 -2.261609 2.709432
6 -2.470093 2.805251
7 -1.952355 2.528504
8 -1.377412 1.136015
9 -1.073552 -0.365992
10 -1.048842 -1.089886
11 -2.036780 2.350063
12 -1.533482 0.958333
13 -1.510201 1.270666
14 -1.101402 0.054870
15 -1.330910 -1.984285
16 -1.041729 -1.897243
17 -1.972388 2.937770
18 -1.860720 1.462560
19 -1.293836 -2.064616
20 -1.417125 0.562539
21 -1.157533 -1.573179
22 -1.905883 0.821856
23 -1.017814 -1.578211
24 -1.107510 -2.515050
25 -0.617202 -1.699273
26 -0.812872 -2.288417
27 -0.984260 -1.938759
28 -0.691898 -1.718641
29 -1.255870 -0.951473
30 -0.877257 -2.819686
31 -1.009019 -1.295031
32 -0.890001 -1.107011
33 -0.888274 -2.001457
34 -0.919302 -1.925933
