34 2
1 -1.580672 1.157495
2 -1.329356 0.972218
3 -1.295176 -0.458146
4 -1.763175 0.660817
5 -2.382898 2.980592
6 -2.549499 2.793477
7 -2.009707 2.836257
8 -1.728604 0.768050
9 -1.014420 -0.919065
10 -1.379043 -1.087929
11 -2.023980 2.352506
12 -1.550683 0.713805
13 -1.778839 0.720233
14 -1.311598 0.163191
15 -1.342440 -1.847897
16 -1.347933 -1.771199
17 -2.100043 2.202585
18 -1.959806 1.146705
19 -1.220225 -1.677286
20 -1.516322 0.389292
21 -1.538769 -1.606886
22 -2.048076 1.054841
23 -1.326394 -1.942531
24 -1.293579 -2.615702
25 -1.356091 -1.996756
26 -1.063754 -2.646206
27 -1.386246 -1.928522
28 -1.173771 -1.780535
29 -1.232658 -1.015357
30 -1.030321 -2.357082
31 -1.270980 -1.106747
32 -1.191581 -1.508080
33 -0.992528 -2.062215
34 -0.694440 -1.627114
