34 2
1 -1.322058 1.574298
2 -1.211533 0.816804
3 -1.010219 -0.500016
4 -1.323578 0.968664
5 -1.671038 2.418243
6 -1.542668 2.847812
7 -1.567546 2.676057
8 -1.569771 0.799914
9 -1.010469 -0.540179
10 -0.986934 -1.155713
11 -1.388007 2.407555
12 -1.696218 1.182285
13 -1.424305 1.380684
14 -1.199325 0.432952
15 -0.910891 -1.878263
16 -0.973836 -2.489775
17 -1.996289 3.123864
18 -1.514390 1.706255
19 -0.833911 -2.268206
20 -1.163194 0.418351
21 -0.935701 -2.194567
22 -1.709335 0.904001
23 -0.887354 -2.522663
24 -0.661644 -2.589952
25 -0.487827 -2.297815
26 -0.600953 -2.605614
27 -0.795002 -2.518939
28 -0.627584 -2.044820
29 -1.096161 -1.449475
30 -1.027017 -2.846222
31 -0.975732 -0.479528
32 -0.627237 -1.785961
33 -0.720850 -1.712220
34 -0.574716 -1.499686
