34 2
1 -1.129797 0.882966
2 -0.981776 0.454723
3 -1.181177 -0.485628
4 -1.448372 0.617638
5 -1.890651 2.494820
6 -2.063737 3.185967
7 -1.853472 2.926389
8 -1.012181 0.715098
9 -0.815286 -0.601875
10 -0.901698 -1.492478
11 -1.536637 2.003807
12 -1.711709 0.933801
13 -1.595148 1.500718
14 -1.267579 0.216204
15 -1.166604 -1.924424
16 -1.103832 -2.150719
17 -2.113147 2.668186
18 -1.861784 1.662831
19 -1.233046 -2.080730
20 -1.068956 0.210298
21 -1.269547 -2.064118
22 -1.482110 0.879675
23 -1.283998 -2.159842
24 -0.905247 -3.095813
25 -1.111074 -2.245392
26 -0.855167 -2.813133
27 -1.229633 -2.194962
28 -0.883461 -2.353757
29 -0.947329 -1.447517
30 -1.090730 -2.897213
31 -1.172063 -0.918527
32 -0.814672 -1.819940
33 -0.597904 -1.900154
34 -0.720362 -1.925612
