34 2
1 -0.939125 1.067153
2 -1.372006 0.649891
3 -1.146608 -0.145849
4 -1.516960 1.078299
5 -1.561881 2.508972
6 -1.775887 2.859412
7 -1.553019 2.649264
8 -1.162952 0.900064
9 -1.203974 -0.902921
10 -1.058312 -1.248282
11 -1.775448 2.114093
12 -1.900166 1.120987
13 -1.633573 1.457227
14 -1.097255 0.255433
15 -1.323534 -2.183803
16 -1.221615 -2.380358
17 -1.815738 2.790395
18 -1.809901 1.476418
19 -0.952573 -2.168125
20 -1.216911 0.265477
21 -1.045547 -2.209641
22 -1.380340 0.823690
23 -1.106796 -2.340402
24 -0.872967 -2.734411
25 -0.689935 -2.387134
26 -0.464608 -2.873703
27 -1.161285 -2.373086
28 -0.808989 -2.562351
29 -0.997612 -1.286478
30 -0.916240 -2.844809
31 -1.382128 -0.950795
32 -0.357339 -1.609344
33 -0.978434 -2.251190
34 -0.676705 -1.659586
