34 2
1 -0.898497 1.544567
2 -1.185858 0.491736
3 -1.207371 0.217428
4 -1.291720 0.820941
5 -1.633225 2.459972
6 -1.905672 3.030705
7 -1.606413 2.617585
8 -1.461823 0.954569
9 -0.940335 -0.587001
10 -0.633609 -1.439175
11 -1.670794 2.977859
12 -1.633506 1.413226
13 -1.806618 1.174151
14 -0.788911 0.325696
15 -0.747455 -2.507137
16 -0.906479 -2.428575
17 -1.966552 3.470905
18 -1.317302 1.698883
19 -0.648953 -2.411803
20 -1.114372 0.266665
21 -0.787745 -2.531208
22 -1.693184 0.994319
23 -0.981653 -2.534409
24 -0.712682 -2.836167
25 -0.618370 -2.335631
26 -0.586472 -2.549014
27 -0.525116 -2.810302
28 -0.713153 -2.056515
29 -0.638613 -1.401268
30 -0.998237 -2.708941
31 -1.079329 -1.147950
32 -0.477171 -1.787907
33 -0.633309 -2.514199
34 -0.647414 -1.464327
